126,122
417,152,106,144,145,124,23,24,22,25,157,141,135,158,95,109,396,8,21,399,185,143,132,108,251,20,398,18,391,304,311,541,369,131,495,13,14,392,309,274,326,277,280,328,293,355,594,137,400,123,410,381,179,159,142,377,376,380,418,186,125,19,26,112,113,114,40,153,136,146,155,156,39,140,385,122,128,41,129,133,134,225,107,105,7,419,180,416,189,120,121,395,138,139,9,94,397,115,27,42,147,190,181,184,154,164,165,110,48,126,38,425,59,17,60,401,49,50,16,43,47,160,182,51,15,46,
228,397,20,24,500,184,25,398,150,125,183,418,157,182,188,377,106,151,114,142,135,23,113,401,408,580,366,323,352,324,269,593,359,263,585,599,526,252,9,542,303,292,326,272,294,278,270,74,144,164,21,382,396,399,143,141,417,400,250,22,187,107,424,381,226,379,378,112,386,126,132,159,134,158,131,145,105,127,19,41,140,120,419,124,497,181,133,387,7,149,156,108,136,146,152,137,139,26,18,13,138,147,148,410,495,403,380,104,39,40,416,402,121,128,109,153,160,48,123,155,180,404,428,49,8,50,
401,496,23,378,422,403,134,150,400,149,408,181,421,138,111,381,157,188,136,156,141,182,404,393,259,297,299,349,295,281,278,265,300,324,275,351,303,359,327,274,330,271,348,568,294,352,302,293,347,377,396,183,249,21,379,424,10,14,395,392,502,389,557,267,546,9,126,129,391,227,22,112,120,415,6,160,186,144,158,142,104,106,402,133,383,19,145,427,143,151,139,428,187,140,382,135,124,25,131,105,113,24,130,132,184,20,137,148,159,380,147,146,180,388,110,398,397,18,185,12,432,48,49,399,50,7,
401,400,408,141,380,130,184,138,181,24,230,381,157,180,113,182,414,183,123,131,23,104,129,593,344,342,317,343,295,292,281,354,257,320,310,367,555,359,567,362,275,329,271,350,268,262,566,264,582,357,256,541,229,379,18,15,572,368,391,579,578,392,550,260,536,185,6,378,304,323,307,393,374,7,9,415,128,103,500,403,402,22,133,119,156,179,19,137,389,20,21,142,423,228,90,5,110,140,105,139,132,421,17,134,12,11,112,16,111,158,89,396,178,118,124,497,382,136,143,13,144,151,155,56,88,407,
231,390,402,400,401,21,229,498,156,403,89,466,183,66,382,178,127,142,137,181,113,141,301,280,266,324,353,351,299,270,271,274,262,350,298,519,590,310,559,570,307,354,264,542,296,295,330,276,265,309,541,500,398,399,15,247,379,6,359,504,360,540,577,358,568,249,578,508,499,555,369,371,507,8,554,349,268,279,297,393,180,414,177,170,182,426,168,408,22,431,101,138,20,407,184,421,131,380,19,501,132,90,140,102,139,23,155,381,18,108,157,103,130,133,109,144,88,179,154,186,56,136,143,145,169,17,
145,168,137,100,403,21,404,382,175,185,408,405,413,466,465,391,425,170,146,423,95,167,341,325,272,258,267,293,268,271,326,279,342,296,275,276,298,349,322,552,544,299,265,324,264,287,330,277,280,278,329,352,506,370,398,246,110,373,502,426,125,556,509,542,548,592,531,540,555,361,140,9,395,8,378,369,527,351,281,297,153,383,102,15,174,176,381,141,406,156,144,401,143,427,499,126,122,2,138,142,422,182,20,400,505,402,107,135,154,155,89,169,113,147,19,55,136,415,53,139,183,103,54,44,45,18,
138,184,166,408,150,136,177,231,180,387,388,171,500,169,383,88,440,178,85,61,384,58,518,326,283,285,286,278,325,268,287,277,279,292,351,319,340,302,312,310,264,311,317,318,542,307,538,290,352,309,344,297,267,324,271,346,303,564,543,536,580,291,289,270,246,532,315,519,556,247,327,329,350,296,358,356,541,554,553,503,314,565,175,165,47,181,392,174,129,155,55,431,54,137,405,128,148,126,53,176,182,404,167,382,20,99,121,135,149,406,168,113,407,393,139,87,147,102,19,107,402,401,413,154,140,52,
438,166,234,407,137,132,172,386,104,64,387,161,171,232,63,440,34,78,507,437,410,66,581,311,578,328,329,269,274,294,344,297,267,296,298,285,289,272,246,518,315,310,337,566,547,352,264,281,349,351,266,568,301,295,284,288,330,509,271,300,259,278,283,258,308,307,346,260,539,302,357,563,367,286,510,327,287,324,247,299,575,574,508,503,443,431,409,464,384,411,173,45,412,60,42,59,383,181,131,54,128,148,177,426,406,176,98,20,130,31,149,138,86,119,183,55,502,180,182,408,140,167,19,136,139,178,
404,177,412,179,508,171,384,385,389,71,441,182,65,409,172,164,32,433,158,88,163,117,266,310,518,309,268,301,510,285,347,259,357,338,540,535,525,536,265,519,245,319,302,531,308,323,249,274,273,269,256,264,255,359,296,247,318,529,562,258,328,275,325,303,543,542,344,351,317,565,560,254,534,526,342,311,267,261,341,246,346,287,271,297,568,524,234,411,395,410,244,233,73,427,428,166,429,167,20,160,396,407,114,147,48,79,178,170,86,439,138,140,148,64,173,174,60,59,85,46,137,135,406,100,132,97,
429,398,440,135,385,174,508,411,181,64,444,442,35,165,61,95,387,441,386,390,3,258,293,567,512,254,267,269,343,297,358,257,524,361,319,516,566,560,352,256,311,302,317,543,537,594,318,275,278,272,530,356,578,562,263,321,362,369,526,597,351,274,273,281,276,288,299,588,329,344,331,364,322,368,506,513,312,350,266,271,309,320,260,353,345,298,268,326,277,291,261,339,127,73,409,149,88,166,37,504,176,20,100,162,148,147,175,161,159,431,21,85,173,56,438,62,168,101,27,66,164,163,48,84,40,47,
399,145,19,386,442,39,408,174,30,33,21,48,427,447,172,47,163,173,441,243,383,357,519,535,258,313,350,329,305,300,251,298,513,562,541,555,236,542,358,340,359,256,348,548,525,560,590,284,343,285,514,534,568,566,268,593,512,299,529,307,347,279,274,282,288,280,328,253,355,249,255,345,260,252,518,356,540,310,577,297,351,591,311,267,262,295,342,248,320,326,330,341,581,67,24,166,149,448,100,168,20,176,84,443,411,158,147,400,102,162,136,429,444,57,409,61,28,165,54,65,34,37,148,135,32,38,
387,135,388,389,429,39,162,443,442,161,158,19,20,163,96,164,92,73,386,390,566,294,248,300,359,312,352,517,306,342,254,250,543,538,358,537,542,563,238,580,519,599,516,293,343,539,338,296,341,255,332,553,340,328,266,320,552,315,558,322,351,279,280,272,299,297,581,370,371,588,546,562,305,246,245,323,310,555,564,541,518,595,303,360,529,362,259,593,345,307,269,309,576,430,449,235,170,36,179,446,408,510,78,21,159,146,22,165,23,134,93,160,68,444,157,174,168,77,91,99,97,84,17,85,18,133,
236,161,512,430,442,172,447,390,432,17,23,407,91,18,19,140,155,408,171,242,310,295,309,351,299,342,266,307,311,320,312,352,538,303,356,321,561,541,553,239,364,519,369,355,267,363,335,296,325,344,305,560,255,276,244,573,514,328,347,554,596,279,280,281,326,284,294,543,368,243,520,599,523,594,337,314,250,559,256,319,529,302,257,593,549,370,264,313,308,329,260,357,373,568,448,60,170,167,174,73,160,402,409,25,22,24,21,443,20,146,507,173,70,74,410,391,441,449,90,93,79,141,437,26,139,94,
24,392,177,432,391,390,389,73,138,95,16,22,17,25,173,88,144,97,131,74,285,277,325,264,344,256,294,292,343,317,362,553,562,541,321,355,543,529,566,554,305,521,524,368,520,370,376,374,280,328,369,371,372,528,341,340,598,326,261,593,594,281,279,327,324,269,270,295,552,523,597,303,567,538,363,542,570,522,599,518,316,540,556,255,304,560,275,539,113,257,308,322,357,311,121,60,433,34,233,57,403,435,72,413,101,98,142,512,236,69,445,443,68,471,151,163,409,23,437,81,26,160,20,436,71,82,
388,514,137,136,143,26,408,389,391,25,101,23,97,24,15,81,390,11,73,169,353,329,314,309,264,255,254,359,321,362,355,411,304,358,516,566,302,593,521,248,543,529,368,522,527,541,238,523,285,275,584,537,371,242,563,341,357,356,266,317,367,348,280,284,293,294,258,297,369,370,540,528,361,333,560,558,562,539,554,515,553,252,551,533,311,565,567,550,549,538,308,286,344,306,241,394,393,404,163,433,233,434,513,89,95,36,435,58,164,59,86,148,20,160,437,16,446,168,18,392,445,409,138,441,22,175,
131,440,134,167,391,159,388,88,99,390,152,15,25,122,511,24,37,389,14,73,379,0,109,110,373,532,341,311,358,557,314,308,542,518,304,598,302,319,241,235,516,305,306,584,242,522,538,374,274,266,567,523,367,540,289,271,264,527,310,270,303,364,346,309,258,297,354,551,587,586,564,570,590,410,116,412,530,352,560,550,596,595,541,576,318,355,299,566,577,344,563,359,565,539,234,136,514,74,58,91,82,31,434,171,30,394,393,395,168,56,163,57,72,392,98,40,47,174,26,87,413,435,92,172,16,78,
41,389,514,94,407,515,155,128,42,388,440,20,138,387,408,134,78,19,114,2,116,380,4,0,9,437,409,321,253,599,351,551,535,550,565,533,524,549,575,541,547,588,359,573,574,374,235,520,345,283,592,526,553,375,555,571,341,527,546,581,320,572,349,328,264,293,300,522,598,556,237,568,309,236,529,519,540,538,528,412,523,597,545,352,593,596,310,329,312,254,411,358,567,363,344,56,165,73,152,149,30,396,48,406,394,231,393,144,140,415,85,95,156,35,96,43,130,159,439,119,112,166,77,154,26,139,
168,154,20,19,165,408,137,76,391,437,516,390,169,387,135,156,157,389,233,525,548,411,376,374,351,375,521,409,236,237,520,377,526,107,320,596,528,551,522,546,540,357,572,553,545,539,538,597,367,346,527,595,589,529,370,564,345,350,358,592,549,263,290,302,322,309,305,541,547,537,583,365,296,588,530,573,550,535,536,598,584,581,518,352,554,599,591,300,544,339,259,557,524,533,338,397,44,399,161,55,30,445,415,149,396,395,164,160,158,393,145,436,147,42,414,146,136,100,40,129,98,18,77,41,153,119,
392,124,129,168,40,438,115,76,20,157,156,19,83,391,155,167,114,150,268,359,351,530,382,376,519,375,356,561,303,531,521,522,548,352,518,232,231,233,526,374,320,535,302,572,539,594,252,590,532,297,534,589,547,581,528,307,571,366,570,304,550,253,344,342,255,296,306,563,537,536,591,580,529,236,538,527,595,567,569,588,582,551,525,596,523,549,540,329,593,533,290,546,562,552,564,399,501,430,398,454,513,416,415,160,412,395,515,148,147,164,41,450,161,16,158,166,394,138,153,396,136,145,165,137,440,22,
394,11,8,127,413,393,444,6,75,396,115,395,20,392,166,391,157,167,280,595,591,523,524,352,527,381,571,281,286,275,288,323,569,574,312,358,534,570,536,528,590,537,359,302,535,547,575,351,531,357,313,561,353,375,550,347,329,588,233,530,321,326,289,341,344,254,566,594,231,232,589,582,520,581,529,593,580,304,572,230,376,562,543,592,538,539,234,276,315,549,292,525,560,564,305,491,455,401,410,398,143,123,164,448,397,159,89,165,145,142,144,7,162,438,156,163,399,53,168,160,46,415,40,45,65,73,
414,392,169,397,6,416,391,396,165,399,132,167,166,162,37,150,92,98,279,353,106,105,354,378,103,521,570,280,281,241,278,348,271,284,536,591,231,524,104,526,376,525,569,264,542,358,537,356,534,302,305,319,351,531,594,318,359,572,345,571,535,283,277,296,344,293,343,529,352,593,592,320,232,595,528,590,561,303,563,377,549,548,533,575,530,596,357,275,541,588,295,544,554,307,256,401,459,511,139,426,418,88,425,142,141,400,75,43,160,516,39,458,230,547,546,545,551,229,151,155,227,158,153,22,145,15,
398,7,417,164,397,150,399,148,448,69,112,391,168,416,163,390,35,381,280,532,384,228,229,102,380,442,304,241,279,281,278,277,324,325,353,356,594,526,537,352,592,536,305,287,547,544,535,593,303,527,528,568,357,354,358,379,230,374,244,572,549,274,348,262,284,294,255,378,103,231,377,590,574,591,576,546,321,545,595,529,531,585,530,588,543,569,587,276,534,586,565,573,366,247,564,487,425,509,52,426,459,169,136,419,457,401,40,143,142,30,155,144,581,351,246,556,580,236,167,146,394,395,159,135,154,132,
148,397,150,127,418,112,72,124,129,161,87,110,445,399,163,391,458,230,324,275,227,383,380,382,381,231,328,280,325,344,549,533,534,305,532,535,574,531,229,536,353,293,248,303,557,379,228,527,304,569,568,352,592,358,298,274,256,100,357,593,591,241,278,267,347,268,260,530,378,101,359,543,537,573,586,585,547,356,354,102,539,560,558,594,584,575,542,286,556,590,555,245,598,571,595,414,411,52,425,408,426,428,508,517,47,441,142,40,131,58,64,388,259,254,367,554,583,299,400,417,135,30,59,394,38,395,
16,400,419,397,60,163,399,158,398,519,15,5,443,155,128,7,59,531,324,279,535,381,100,101,380,573,569,325,280,301,564,291,292,367,590,353,556,356,525,231,320,323,571,244,305,226,358,357,304,321,228,227,574,359,293,347,349,385,379,536,557,276,346,289,241,278,249,312,591,543,592,534,568,585,230,386,533,537,352,382,553,234,593,586,229,572,542,282,561,584,554,563,545,548,583,431,52,462,430,504,514,460,454,167,449,146,49,403,411,518,141,94,298,233,597,566,581,363,142,429,44,409,28,143,134,394,
159,402,401,395,412,162,160,122,119,420,154,149,150,394,146,410,163,282,280,281,597,382,358,571,354,225,226,324,283,591,598,355,356,561,383,90,390,100,381,573,247,567,353,570,359,379,378,227,323,246,380,588,303,231,564,347,276,329,98,228,589,241,325,289,274,273,315,581,587,551,580,522,239,569,99,559,357,582,579,558,578,236,534,590,544,377,533,348,305,583,540,287,299,535,307,405,432,518,428,423,512,50,132,66,56,134,462,61,398,399,45,409,556,572,545,557,386,385,431,403,137,35,145,141,400,144,
406,146,104,403,59,398,126,124,150,420,149,402,107,397,101,161,389,281,280,324,283,330,359,526,358,344,551,246,259,357,301,595,341,305,588,383,96,386,385,225,381,597,549,589,382,354,582,570,297,351,353,569,527,373,585,288,274,349,587,580,586,264,293,348,323,282,296,579,571,522,379,387,224,378,544,581,538,533,384,532,320,380,578,556,531,318,539,265,328,360,319,325,304,302,317,436,405,454,430,512,53,504,55,520,73,399,431,47,37,74,165,40,298,534,350,300,529,372,388,451,456,141,413,400,130,222,
91,405,420,142,131,101,413,146,38,145,147,63,399,161,144,126,386,280,279,274,278,350,224,385,359,272,304,257,297,576,303,357,300,307,247,534,527,95,96,223,382,256,281,592,358,360,588,225,299,560,579,383,567,575,584,345,348,289,565,587,536,273,260,282,325,323,246,355,354,384,331,586,578,555,332,577,569,309,388,544,543,538,320,585,580,556,381,283,302,318,570,346,540,308,94,501,415,424,47,430,79,78,432,68,462,141,402,414,458,138,99,56,287,306,573,593,351,298,301,115,400,134,58,450,136,132,
56,221,19,145,413,164,400,148,147,99,124,58,143,146,404,117,385,280,279,278,348,344,225,527,383,351,360,283,352,599,572,298,252,341,306,308,332,355,320,226,223,574,357,382,386,331,359,578,364,593,564,577,563,567,318,350,259,345,296,579,597,323,247,286,277,276,353,569,576,575,543,94,361,381,319,317,356,295,586,580,555,544,316,587,585,538,321,282,328,384,354,274,299,598,584,421,433,129,464,420,422,403,463,105,34,123,144,42,102,142,57,414,273,595,300,326,372,559,375,115,53,132,31,415,141,401,
413,147,158,412,410,404,143,148,127,135,136,220,402,120,50,51,575,280,277,279,276,347,541,318,592,547,595,259,303,599,586,302,590,350,297,257,291,245,295,320,383,359,304,355,528,386,226,529,351,588,385,574,356,382,321,308,250,273,246,381,535,261,256,287,272,286,353,598,225,222,333,527,332,223,536,380,378,296,597,377,376,319,317,379,316,530,580,345,343,579,570,274,253,546,370,126,432,80,403,464,434,433,64,42,33,140,16,415,141,524,114,435,283,366,341,372,578,339,583,411,451,52,31,461,32,416,
142,121,219,156,417,415,435,116,53,98,523,145,418,445,78,436,349,279,278,280,346,273,580,383,332,385,583,554,297,546,305,244,271,372,256,345,304,307,341,387,355,564,370,361,356,236,243,541,599,597,388,535,382,386,585,358,253,348,350,222,598,344,274,347,260,287,536,354,530,384,225,381,226,333,221,320,380,543,246,573,572,540,376,377,318,574,321,325,296,534,379,378,584,582,319,113,66,42,465,140,30,434,62,96,49,61,146,138,135,414,452,422,269,262,247,294,259,295,578,94,73,50,144,74,133,126,
128,121,417,157,418,149,142,148,528,137,97,145,526,131,436,467,248,279,278,272,346,263,572,356,320,382,304,579,250,302,229,359,296,362,329,293,353,361,333,573,574,307,596,386,385,554,555,532,578,371,531,389,383,220,599,285,256,349,306,535,238,326,288,252,280,284,388,387,384,221,571,334,335,355,390,381,559,570,291,380,318,540,536,321,534,319,317,276,241,219,376,316,539,303,300,140,144,25,22,138,129,141,217,125,30,133,126,96,24,113,139,419,282,297,299,245,298,544,577,151,94,20,101,124,47,123,
146,143,54,119,111,62,28,115,150,152,137,128,140,92,421,41,253,278,279,286,346,285,320,568,304,303,351,300,586,358,297,329,298,588,565,350,539,219,382,363,333,251,299,390,389,574,334,335,356,347,571,386,355,365,301,262,257,345,354,543,542,247,290,280,287,255,364,532,385,388,573,387,383,384,569,381,533,570,359,220,218,357,572,318,224,538,321,277,324,319,317,223,583,559,535,57,420,27,144,162,26,132,466,465,134,58,47,127,126,40,48,37,276,328,246,241,256,242,534,77,447,68,529,24,524,419,
143,152,139,149,402,52,116,140,141,20,118,135,438,85,71,433,346,284,324,280,286,276,591,385,383,534,569,303,305,583,542,279,345,278,332,367,359,573,363,387,356,252,593,336,218,386,388,364,391,384,564,382,389,366,219,348,344,253,267,256,272,244,247,289,254,273,334,532,357,335,594,365,390,567,220,533,392,217,581,405,538,537,568,381,560,319,352,590,277,536,570,320,571,592,321,401,45,439,437,420,60,97,127,123,466,161,119,72,41,129,37,105,285,287,358,262,295,341,351,421,530,524,57,23,463,50,
135,71,28,132,108,113,114,531,153,17,32,111,116,118,154,437,345,279,284,280,278,287,582,356,567,357,350,576,583,337,300,283,346,324,253,288,299,571,363,387,335,255,593,365,217,364,384,385,336,388,305,566,386,535,383,256,250,325,286,596,328,251,293,271,281,272,362,366,367,389,298,304,319,382,368,536,334,573,306,534,390,220,219,569,568,381,275,321,277,570,318,353,303,218,320,117,38,34,214,115,41,65,422,522,119,59,465,110,23,109,24,392,270,289,291,246,348,247,376,439,45,40,464,35,128,50,
158,153,142,109,80,51,75,70,35,79,31,143,108,423,421,41,280,253,279,346,278,323,564,215,353,542,597,246,382,386,365,575,276,281,344,594,387,385,574,383,357,328,557,337,362,388,216,536,596,319,291,552,368,366,363,252,267,265,345,351,304,244,347,269,235,290,384,393,364,567,389,404,336,535,403,356,541,566,565,255,358,390,317,219,563,369,250,540,286,318,316,361,302,335,381,43,42,461,36,54,424,521,116,47,120,46,457,104,50,44,522,360,266,273,239,326,257,233,392,520,458,459,469,456,460,532,
111,132,110,87,52,423,130,151,469,436,125,119,534,441,29,113,280,279,284,344,275,347,362,537,384,387,578,342,593,370,357,317,351,241,256,350,388,337,214,386,338,300,360,365,216,336,564,369,572,363,359,562,385,565,563,260,327,361,305,298,352,253,271,346,274,345,566,389,366,542,316,536,390,367,567,364,318,391,404,543,234,541,217,358,383,382,304,215,288,219,371,218,568,575,321,22,116,212,78,51,79,122,112,47,44,115,31,30,124,32,522,286,282,254,236,283,354,301,407,62,93,425,460,127,470,123,
113,462,463,46,24,112,119,129,461,118,32,79,458,117,156,395,280,279,286,277,285,347,389,387,216,576,578,598,213,217,386,563,388,357,570,346,359,366,367,352,575,262,241,337,365,339,565,562,344,574,358,539,338,371,564,326,283,362,385,301,573,267,247,281,254,287,302,538,405,390,391,561,404,82,370,368,406,363,81,369,567,221,543,215,364,384,336,566,220,560,317,316,383,218,321,396,52,435,211,31,437,438,125,43,116,124,427,45,22,25,429,278,294,282,252,345,260,593,414,12,126,55,151,44,121,424,
536,110,108,114,113,109,107,91,85,429,72,452,155,47,115,388,279,280,281,278,276,346,338,387,372,359,351,566,386,563,332,362,560,564,367,213,364,215,389,599,556,306,263,339,368,366,384,358,275,312,562,561,212,405,365,237,269,540,543,298,554,295,283,287,288,271,282,293,363,385,390,337,334,539,391,406,404,216,369,321,392,383,335,333,322,567,320,382,352,551,376,314,313,217,565,361,147,522,437,135,119,118,428,116,84,35,31,128,453,28,434,247,345,264,274,241,348,311,408,124,433,43,66,54,30,122,
116,83,454,69,132,428,422,421,142,147,148,45,18,154,448,358,279,280,283,294,251,355,366,367,215,320,564,305,340,300,583,214,561,351,376,383,580,381,388,313,382,362,350,339,387,386,368,212,281,349,389,385,541,334,359,287,290,562,369,384,347,344,282,249,248,278,324,288,277,560,374,373,540,211,390,365,338,303,302,391,393,392,335,563,597,582,363,304,342,593,361,321,333,364,314,319,210,34,107,53,42,451,38,74,37,63,115,209,75,84,36,235,269,268,286,345,241,227,461,453,73,40,114,41,64,472,
452,451,144,402,114,148,64,430,44,116,119,41,111,36,115,341,279,324,250,283,277,351,359,367,362,363,567,304,389,302,357,320,365,300,383,303,349,386,340,301,560,211,559,388,541,358,366,339,281,592,361,335,360,599,321,241,236,368,387,580,259,286,258,280,282,249,278,248,288,545,565,369,370,214,374,390,215,323,285,394,385,391,213,562,314,563,376,583,243,305,313,336,227,364,561,393,55,431,405,432,538,453,61,108,104,37,123,106,457,124,440,240,273,270,344,254,274,298,77,448,69,472,118,208,435,525,
436,29,430,520,429,47,435,537,42,539,55,27,31,534,32,369,280,279,250,343,286,304,365,542,210,388,366,558,363,301,358,563,320,555,300,380,561,359,364,370,385,386,303,360,367,389,375,390,323,285,371,549,353,387,383,267,265,559,302,382,299,593,348,278,282,281,249,283,266,264,324,239,362,391,341,393,411,361,376,340,312,412,213,381,377,350,349,543,550,319,372,334,333,335,384,305,455,423,121,490,153,33,51,143,540,35,473,117,471,491,34,248,293,287,289,342,251,258,78,514,3,207,439,472,108,4,
60,121,432,29,206,540,26,35,31,28,118,533,404,430,539,304,280,281,268,552,593,334,341,209,368,553,294,293,576,320,354,559,352,303,348,592,583,319,361,380,370,381,382,389,543,369,388,385,333,357,390,372,367,360,340,259,246,296,557,377,302,365,371,346,554,582,353,362,279,283,596,282,275,391,364,376,363,366,387,386,393,359,349,392,301,214,213,311,318,292,335,210,350,560,549,579,208,491,120,530,151,127,0,33,439,34,59,32,437,443,434,324,262,291,272,287,240,276,454,436,444,73,438,407,49,47,
437,31,433,438,405,120,464,539,537,468,441,532,59,45,44,301,323,240,295,344,558,388,349,353,370,593,351,385,365,360,361,302,579,348,554,303,595,555,381,229,342,317,311,389,373,85,392,320,208,356,390,387,209,341,371,352,556,274,559,378,357,552,363,577,319,300,362,544,297,557,393,278,293,84,391,367,372,359,386,354,396,369,366,364,318,355,310,382,215,235,214,576,333,316,350,581,80,124,540,435,117,150,26,19,119,25,1,115,116,118,47,272,599,339,325,249,296,286,374,467,58,443,481,447,521,463,
70,449,542,149,447,529,440,450,543,537,34,522,466,121,88,277,280,344,265,281,269,372,367,361,301,254,288,350,208,320,356,369,85,317,261,349,302,552,364,557,362,353,385,371,207,370,388,563,358,584,390,360,387,365,316,598,348,286,558,304,279,278,290,305,565,355,578,546,396,359,393,274,246,366,363,373,379,354,342,386,206,315,389,391,209,374,545,224,303,346,383,318,352,368,577,299,82,527,429,395,97,112,436,57,482,538,481,437,465,448,204,297,347,325,268,293,239,240,84,409,541,117,52,435,443,56,
521,453,448,438,29,118,442,540,58,447,63,434,139,147,26,264,280,285,229,296,343,401,388,358,365,350,261,362,372,207,576,557,306,579,288,590,314,586,381,387,583,206,302,400,374,368,359,364,303,351,369,357,363,361,320,307,584,274,300,585,324,344,346,582,289,556,315,210,371,390,423,286,248,360,375,546,393,316,547,342,356,373,370,389,366,317,367,355,328,383,391,386,353,318,551,587,376,39,468,380,402,419,427,115,202,407,411,483,203,51,55,257,294,260,232,298,271,259,399,526,435,531,67,471,534,437,
435,467,27,28,534,117,30,18,443,530,55,440,408,520,32,247,264,280,282,281,349,364,389,359,368,343,293,306,548,357,316,318,344,303,292,255,362,320,363,580,585,314,354,361,401,373,382,356,273,291,376,206,317,388,312,598,326,286,321,353,296,277,263,301,265,347,399,345,205,367,375,294,257,365,391,372,371,369,358,393,370,374,302,315,387,313,366,390,298,586,342,547,377,360,400,552,355,551,327,251,215,394,549,431,506,51,514,527,541,519,53,258,266,596,287,256,226,248,405,522,460,544,461,540,43,437,
98,446,441,528,433,18,534,67,520,442,445,432,96,6,119,387,280,281,323,278,285,347,390,389,359,205,312,291,303,388,319,355,223,354,304,579,400,314,376,358,559,384,353,383,366,361,372,367,268,294,362,550,302,370,368,290,556,271,351,313,289,282,264,206,599,241,401,320,456,365,373,591,299,378,391,377,364,371,344,549,356,363,318,369,317,374,315,316,343,305,399,551,301,375,327,215,204,392,357,578,577,352,393,398,515,464,509,521,544,43,452,324,261,346,287,266,248,242,382,510,147,518,539,413,540,51,
533,520,117,135,434,458,52,526,47,200,29,451,62,433,133,537,280,281,288,279,277,287,364,384,369,328,356,351,345,373,362,388,392,303,276,264,240,275,220,295,354,312,359,385,367,365,366,389,357,294,204,398,578,387,374,555,222,322,247,318,290,265,283,583,234,233,363,352,311,205,368,302,593,400,377,355,353,390,319,344,206,550,551,386,378,372,317,313,314,596,370,554,310,391,327,301,323,271,304,219,308,326,330,361,431,518,439,469,539,535,514,284,346,230,257,347,299,595,376,508,516,524,459,515,50,499,
485,119,115,452,12,438,94,199,542,541,431,540,435,450,15,531,357,281,253,267,206,563,365,388,351,356,204,345,313,371,344,352,368,387,353,285,282,269,312,390,398,552,367,386,370,400,397,369,362,389,203,360,346,364,314,317,579,265,288,366,359,251,229,300,592,595,375,372,202,315,205,380,553,394,271,290,593,555,319,316,379,559,556,363,328,374,391,318,574,347,311,310,308,309,212,348,236,239,211,289,567,215,599,303,471,518,198,25,543,516,470,225,355,587,257,594,224,564,298,492,538,442,458,511,510,451,
440,526,114,456,417,105,27,19,530,438,435,462,100,535,31,30,328,279,578,308,315,351,553,368,314,208,369,361,371,202,203,334,364,367,388,352,309,354,557,375,346,393,397,362,391,370,392,365,394,381,387,400,318,396,390,366,571,283,264,398,269,268,282,215,267,238,312,380,372,313,360,201,204,576,556,395,379,317,316,223,386,353,299,344,205,319,376,389,298,565,363,212,311,310,300,211,359,567,373,374,303,297,307,555,138,21,465,519,437,49,413,324,296,356,592,591,253,325,399,541,538,464,529,515,520,532,
39,418,440,462,529,27,32,458,105,38,542,30,142,28,441,491,566,264,359,358,599,288,564,346,404,316,374,370,373,361,393,299,397,366,352,390,308,363,200,391,202,365,371,362,372,201,364,301,383,376,399,392,318,400,313,368,347,278,276,554,239,265,284,287,279,277,593,300,396,369,401,394,382,407,398,389,367,203,395,302,388,312,317,314,315,298,319,216,350,353,311,310,208,328,309,381,563,272,595,572,207,204,230,557,307,375,384,520,467,459,195,357,296,578,242,256,596,567,556,140,143,539,536,505,544,466,
27,524,415,533,523,529,114,464,440,141,93,26,136,466,540,535,298,287,332,303,210,319,201,198,403,315,406,408,346,200,393,202,392,369,371,328,367,207,199,394,370,395,361,368,366,372,391,300,365,373,345,362,301,554,299,347,350,359,235,206,267,283,589,260,281,280,574,306,203,313,396,364,377,398,383,400,314,397,390,312,382,316,317,318,376,309,378,399,401,311,310,327,302,308,384,553,427,379,594,273,208,374,595,407,402,204,307,429,469,419,420,240,354,558,358,252,338,304,363,387,35,539,494,36,528,19,
545,33,534,547,110,435,91,553,460,11,464,43,475,56,83,529,571,274,237,350,362,199,372,368,366,296,310,393,373,370,371,394,369,395,556,299,314,302,313,361,200,555,312,384,396,198,379,327,367,378,402,315,297,203,202,377,374,207,356,365,347,287,573,247,339,238,201,328,346,301,300,316,309,385,380,401,403,311,317,392,381,308,375,468,376,204,400,407,397,298,303,351,215,307,382,452,391,383,404,406,345,318,572,304,467,408,363,306,386,427,213,332,598,319,333,239,595,305,214,413,514,539,535,19,523,463,
102,470,32,441,443,528,89,12,445,82,464,9,109,454,456,527,239,278,591,353,368,346,327,369,395,364,466,374,199,371,198,301,370,362,367,373,351,203,394,386,387,380,557,379,197,396,469,316,372,381,402,348,333,314,315,403,384,312,590,196,385,599,305,302,573,258,565,307,378,328,313,200,363,361,309,393,375,202,404,347,405,382,406,311,310,401,377,388,383,201,303,570,572,568,297,300,366,308,451,556,204,213,276,317,342,207,408,376,407,397,288,294,268,355,247,237,594,564,211,64,505,539,533,461,19,526,
456,548,15,447,90,85,14,31,460,424,13,545,193,441,109,33,278,273,269,296,199,328,221,315,306,372,362,348,371,346,368,558,198,363,353,351,208,277,280,468,469,373,196,369,197,387,370,350,352,195,314,465,313,374,347,381,382,397,375,395,407,202,239,298,586,264,559,565,327,312,349,354,388,309,405,404,394,301,386,380,316,406,204,310,403,379,300,396,402,385,302,210,367,247,214,203,383,557,378,393,305,200,389,213,376,283,279,377,73,59,411,227,361,307,308,355,295,599,212,398,528,444,512,515,535,539,
99,87,543,15,14,32,109,137,6,101,456,498,88,11,23,100,280,287,594,247,465,373,358,369,375,371,353,471,199,349,327,316,347,198,311,224,238,589,595,298,470,372,370,374,195,348,197,306,363,376,405,406,468,328,559,469,388,404,362,333,204,196,352,354,359,355,351,307,391,301,300,350,407,467,387,389,382,210,408,390,381,558,194,315,205,380,394,395,384,377,403,383,411,314,203,313,412,35,393,209,386,415,462,413,402,368,281,200,385,427,392,570,367,565,207,312,569,239,302,409,513,541,192,514,515,191,
458,425,543,14,456,526,451,19,544,6,21,107,16,86,83,30,281,279,268,262,560,195,347,362,301,351,467,328,354,199,561,375,353,197,471,370,363,352,562,470,374,373,407,371,469,377,408,465,300,390,464,349,376,196,391,198,372,468,406,228,237,369,306,355,581,297,302,472,223,389,405,320,317,387,332,318,299,211,208,388,378,383,386,319,393,409,404,392,382,385,394,379,384,415,222,312,381,410,380,403,367,311,571,551,442,34,414,310,212,411,194,582,570,569,296,578,599,280,303,316,348,189,450,457,539,538,
27,85,99,83,456,524,546,95,543,84,544,558,29,14,98,97,282,280,281,291,374,472,300,302,562,350,211,471,467,377,363,469,371,354,299,351,353,466,197,195,470,468,352,328,196,372,376,301,464,373,407,378,375,349,379,592,198,382,385,295,283,317,563,595,575,571,465,409,364,362,408,316,387,410,386,318,348,210,199,406,208,380,388,312,319,311,310,393,394,405,381,389,194,411,561,384,390,391,370,209,309,332,567,313,392,40,417,315,308,221,383,303,369,207,244,201,200,581,307,566,314,474,184,537,188,513,
555,12,55,556,27,545,98,543,524,103,96,84,102,11,10,99,273,280,266,596,563,465,196,567,363,317,372,328,209,301,300,469,348,353,316,210,302,307,198,195,463,376,373,471,468,470,374,364,354,350,466,377,197,380,379,595,299,437,51,191,378,308,294,371,570,347,352,467,351,315,410,318,194,375,472,464,381,200,311,411,396,397,387,310,208,409,314,386,388,349,394,395,193,312,407,309,199,313,385,319,201,269,291,305,564,436,403,382,473,306,408,211,265,207,329,296,303,216,575,393,389,417,503,100,551,542,
8,2,423,54,100,524,522,454,547,99,11,9,101,554,555,23,269,280,267,270,469,363,374,569,299,197,468,364,301,195,463,300,565,328,354,373,464,355,196,397,316,375,194,380,192,379,193,381,317,191,465,396,470,564,302,306,376,395,315,200,377,393,378,271,289,599,198,190,353,314,467,382,411,318,201,199,410,311,310,387,471,394,388,386,372,208,313,312,309,189,389,349,462,466,348,398,207,390,206,391,350,412,362,297,598,383,485,385,595,591,356,303,288,285,266,343,308,205,307,409,384,416,449,453,162,447,
2,455,431,8,0,9,1,562,552,11,425,23,504,553,22,520,279,280,281,282,317,192,218,591,299,205,307,197,193,566,300,464,301,314,206,364,463,295,315,396,468,375,467,194,189,466,412,200,395,363,465,462,191,469,316,190,397,376,381,356,199,380,377,313,590,589,302,382,355,196,379,394,354,328,349,378,391,195,198,201,389,398,383,390,204,311,310,312,411,470,188,413,399,386,309,387,565,329,318,388,385,393,207,264,231,303,350,476,410,594,244,374,368,599,593,292,598,202,357,384,458,471,517,143,481,165,
2,546,456,23,485,63,553,522,100,441,432,1,98,472,10,448,277,280,281,282,271,371,278,354,357,363,377,300,397,358,314,298,303,200,208,205,466,308,567,476,191,400,188,477,398,382,380,467,396,395,465,356,192,468,301,349,469,464,394,189,193,376,463,330,362,288,351,190,378,355,379,413,462,302,412,381,461,364,328,204,399,391,196,316,197,375,383,317,201,384,385,393,199,386,315,370,390,566,350,329,206,411,198,195,299,305,414,392,388,387,389,187,594,593,312,346,264,295,359,435,434,478,183,455,178,163,
444,550,428,95,93,433,501,519,486,553,94,557,520,521,23,21,282,280,281,591,599,299,283,297,196,349,478,355,395,192,461,301,306,328,312,319,363,311,462,468,356,358,568,302,475,380,186,378,359,465,189,364,463,396,199,476,379,377,188,191,300,303,357,598,593,261,190,187,569,205,394,399,351,204,400,397,195,385,467,329,350,384,393,197,398,200,386,193,376,469,413,381,387,382,310,466,383,391,464,309,290,203,39,313,317,316,414,474,412,415,388,390,194,373,375,308,264,223,262,392,389,40,450,164,178,176,
527,553,564,95,458,549,481,520,557,434,29,20,444,440,550,501,348,322,341,373,237,205,272,215,476,187,364,190,299,474,305,328,361,368,196,308,396,303,598,391,358,384,188,365,399,394,395,477,302,301,356,475,378,186,313,479,300,465,359,478,379,191,363,592,295,236,189,386,311,469,185,569,350,192,357,400,462,387,360,195,468,362,463,349,204,461,380,197,393,385,377,388,460,329,312,310,382,389,390,570,473,309,194,397,398,193,203,420,417,402,383,381,351,416,593,401,307,376,290,415,392,404,484,167,164,441,
444,482,549,544,552,560,26,458,550,567,501,90,92,510,93,543,252,278,280,589,272,307,203,296,190,380,363,461,362,393,196,359,191,317,479,300,358,189,473,395,361,476,466,356,465,478,350,469,364,357,460,197,192,365,198,481,416,462,467,396,188,403,381,584,326,591,293,199,277,595,355,399,464,195,185,472,571,394,400,187,386,385,392,202,404,572,349,384,302,387,301,383,398,391,328,390,360,352,378,186,388,389,590,194,475,303,306,351,38,490,397,184,211,204,377,329,193,308,578,382,471,39,175,524,176,142,
459,566,564,567,548,448,563,546,447,181,489,569,555,542,512,521,278,579,280,277,205,582,196,295,471,466,365,185,329,473,189,188,358,197,187,211,572,469,396,184,395,362,190,191,296,399,393,476,479,474,364,480,357,377,583,385,420,350,328,475,394,465,381,599,590,592,576,274,253,216,332,477,359,352,468,361,363,478,467,472,392,470,398,356,383,349,195,573,403,382,378,397,384,402,462,198,355,400,301,299,306,183,354,202,380,186,310,391,419,404,464,386,298,591,209,297,389,192,370,390,360,413,483,455,558,128,
447,565,410,562,491,543,506,500,550,507,538,563,551,547,409,554,580,214,577,598,599,350,579,357,477,395,393,466,286,378,377,376,184,465,346,597,402,351,391,185,188,383,329,473,349,382,299,396,394,300,464,359,574,358,239,313,472,399,401,419,387,406,421,576,216,285,392,478,381,468,328,389,398,365,352,362,366,189,470,187,361,197,384,183,467,196,463,190,360,202,198,462,363,385,397,262,420,476,390,364,282,195,509,224,316,191,330,388,417,474,573,400,375,374,386,403,186,301,199,201,123,422,454,484,444,436,
544,449,570,438,571,447,55,480,553,37,538,514,551,567,87,565,213,215,599,326,282,593,271,299,393,389,394,477,238,594,356,384,366,351,329,596,360,575,391,468,473,383,185,382,221,392,357,476,359,201,395,471,302,358,239,377,187,352,183,361,396,464,465,576,214,244,472,318,192,189,390,401,362,346,397,398,402,381,365,376,385,399,363,406,328,186,188,184,364,470,388,386,301,478,463,315,350,349,400,330,278,219,408,405,303,296,305,374,474,407,419,375,200,199,420,373,194,368,193,387,300,404,519,525,486,180,
449,484,492,436,450,441,440,549,558,546,533,567,448,559,447,536,316,589,213,275,315,369,359,394,578,372,348,378,594,267,264,294,393,183,384,317,353,391,329,361,473,349,374,472,302,186,469,318,346,358,577,363,303,299,214,280,326,395,475,366,470,362,471,300,581,580,351,368,193,379,367,476,182,401,382,474,468,390,301,383,385,396,330,187,402,400,397,185,356,392,381,389,373,194,408,263,296,191,575,429,244,218,405,576,509,398,357,350,406,364,387,399,328,255,388,352,407,375,305,184,365,495,179,443,572,456,
449,442,447,458,565,488,542,533,543,535,532,557,569,541,451,553,294,282,590,301,584,358,383,394,361,181,396,359,379,594,350,368,392,374,375,308,473,349,302,329,300,317,592,184,195,313,190,265,382,191,182,367,370,357,283,599,586,183,472,330,385,363,400,309,355,278,384,395,305,189,303,362,423,381,391,397,401,369,409,186,390,475,474,393,495,185,496,194,424,402,373,364,388,371,476,348,378,354,387,386,587,582,389,353,410,398,399,187,408,471,403,193,380,315,406,372,192,351,328,422,407,405,547,540,457,443,
547,518,465,122,177,500,536,490,564,541,480,447,575,451,450,556,596,599,339,319,598,212,582,589,268,204,294,266,263,381,302,382,577,379,372,300,349,228,193,192,361,380,474,354,330,473,396,373,329,194,298,296,350,594,340,236,227,316,226,305,359,183,186,185,213,285,281,334,593,344,583,395,364,497,363,370,400,313,591,496,388,403,181,475,399,392,387,369,385,393,386,362,383,320,384,182,371,222,424,471,394,346,409,352,405,495,180,472,368,391,401,404,367,580,301,397,374,398,375,187,425,423,517,462,453,449,
482,452,542,453,574,568,534,563,500,573,540,541,545,446,451,533,320,598,340,595,599,287,593,589,356,318,301,295,358,474,302,182,331,298,313,183,374,275,578,317,381,349,371,380,370,386,364,359,329,473,372,577,181,192,582,242,591,394,579,357,225,487,373,304,280,597,212,310,284,341,272,186,382,379,330,190,300,588,211,580,179,399,376,396,361,352,369,470,392,363,395,393,400,497,384,383,348,223,375,189,387,203,180,185,471,401,388,405,398,411,403,404,385,586,193,512,378,362,592,377,365,425,118,549,170,460,
543,558,453,458,561,463,509,61,546,455,456,573,2,544,566,504,388,597,598,596,340,590,379,267,265,350,303,317,316,264,193,356,302,360,313,189,194,348,383,328,374,355,381,299,183,330,181,180,380,187,301,307,372,512,471,382,473,387,375,362,314,405,401,349,231,587,599,240,361,295,376,363,178,384,373,409,472,392,386,339,393,385,358,179,371,364,352,300,188,474,190,428,395,397,486,580,238,331,511,182,396,377,400,367,359,399,406,427,426,368,412,407,470,336,304,394,223,227,195,398,404,408,25,528,461,464,
463,457,543,458,456,446,460,573,547,534,435,535,462,545,453,59,400,597,340,596,598,326,302,313,230,378,331,381,180,471,178,362,356,488,385,384,355,186,312,591,202,181,376,382,383,358,329,330,373,377,387,179,363,472,599,191,357,361,300,311,185,298,386,375,195,590,283,285,187,345,347,364,473,349,374,352,301,581,426,325,388,367,372,360,486,582,380,190,188,399,348,359,379,368,353,177,184,189,396,303,398,299,194,351,208,193,192,183,182,405,511,428,397,341,306,317,316,214,305,404,406,401,429,163,559,468,
462,456,447,464,454,553,573,562,465,531,576,565,449,561,552,577,473,208,209,280,340,277,266,182,294,357,313,351,297,194,312,376,590,315,330,364,301,382,356,285,225,355,386,362,361,363,316,358,472,384,359,387,368,399,274,302,331,348,588,231,230,228,378,278,308,241,341,344,375,200,238,485,373,180,383,353,385,176,367,237,178,177,369,589,377,179,374,388,381,510,317,360,191,181,582,224,365,349,186,284,400,379,583,404,261,429,403,401,300,402,380,405,428,272,185,350,276,595,296,187,495,398,370,557,126,574,
454,461,463,464,450,493,572,460,529,145,126,141,142,158,144,148,520,280,591,281,599,347,346,230,334,357,187,282,277,208,278,286,298,306,312,350,314,589,212,305,261,330,300,359,384,383,379,361,363,484,387,385,369,381,176,362,386,374,356,375,382,380,590,177,186,353,345,223,584,263,597,352,222,331,368,175,348,388,370,376,209,193,365,364,317,192,349,181,180,358,378,182,178,191,183,307,297,285,179,227,360,313,377,367,269,303,185,301,373,400,184,401,402,262,190,302,588,299,316,403,504,311,188,407,446,139,
451,553,464,494,489,550,537,461,488,148,121,145,147,471,141,501,520,599,352,280,598,351,297,294,225,303,192,311,263,591,344,278,348,350,316,299,229,346,596,228,211,589,223,188,382,358,377,376,186,381,585,177,298,357,360,331,380,385,330,349,190,181,185,383,301,386,314,300,384,317,262,282,295,483,174,387,187,363,367,191,361,369,359,356,179,178,302,368,364,345,183,175,182,353,313,347,312,222,180,195,378,184,379,370,205,271,322,273,310,176,362,371,375,586,309,193,215,285,189,365,308,315,388,354,477,120,
454,467,534,488,465,455,474,468,572,148,530,147,141,145,124,142,22,589,590,599,280,598,283,233,276,271,282,308,277,286,285,596,594,338,278,319,299,313,275,314,298,225,180,364,315,208,192,343,214,259,258,357,188,183,350,303,311,349,300,331,383,361,386,312,359,368,203,297,194,371,291,591,348,330,363,370,382,356,369,384,378,177,176,354,387,381,213,178,175,372,380,210,360,199,385,185,367,586,379,316,310,272,294,184,224,295,274,205,345,358,182,309,306,261,211,302,344,232,587,190,301,181,186,304,365,466,
572,456,453,467,457,455,492,139,472,120,127,148,125,164,163,150,396,589,590,280,320,339,319,295,269,231,592,226,277,273,345,282,259,268,203,593,274,358,287,229,255,313,316,179,346,254,303,216,236,588,272,217,284,343,267,298,218,189,344,364,301,290,315,348,349,183,317,350,330,356,198,247,299,385,380,587,368,178,331,371,258,187,175,370,359,354,300,199,181,383,174,188,360,182,382,332,387,379,369,381,184,286,297,363,176,386,180,278,302,384,177,372,213,205,594,271,321,338,312,257,289,192,296,308,406,140,
552,456,543,470,473,583,141,545,495,571,123,158,138,486,536,556,471,176,595,591,320,599,597,351,213,304,179,182,247,283,278,281,228,590,594,234,261,246,245,255,346,291,244,276,303,214,381,364,277,294,263,232,344,272,254,285,253,342,352,239,301,348,349,288,300,295,347,593,187,332,358,260,313,306,312,290,180,302,383,365,384,343,390,171,357,331,372,183,181,175,354,368,393,311,177,206,339,225,330,198,184,305,252,274,329,188,178,340,233,588,189,174,386,314,199,172,273,268,315,373,363,299,369,316,360,544,
462,126,476,534,138,568,469,492,496,461,562,121,489,454,472,119,458,252,237,285,292,175,306,253,299,296,317,289,185,349,357,186,303,174,364,590,172,331,348,302,300,250,284,256,239,263,310,345,391,171,383,187,332,385,369,188,346,375,384,182,173,372,365,311,301,178,297,350,228,247,360,596,308,359,327,374,309,280,282,279,177,207,176,181,180,179,183,291,184,334,314,313,170,312,307,315,340,482,194,288,305,329,591,195,246,298,347,229,245,324,290,304,354,316,286,344,343,254,330,328,206,295,196,189,293,111,
467,490,562,466,160,537,471,476,506,461,485,584,486,484,541,494,445,303,369,301,174,384,184,359,316,186,300,299,331,349,298,346,293,187,365,344,175,591,347,178,177,345,364,481,172,176,448,185,390,361,363,385,482,372,392,370,371,357,332,173,171,447,348,302,181,180,179,170,248,183,252,281,273,374,182,311,310,237,229,238,383,255,375,362,598,242,368,266,283,297,309,314,376,195,188,308,236,253,307,350,315,313,593,194,595,360,306,226,292,305,304,312,334,355,296,295,294,354,287,317,196,291,290,254,289,366,
490,485,463,495,493,486,484,571,589,575,459,567,541,71,482,371,170,363,169,361,368,374,378,377,446,365,370,171,355,384,391,376,372,331,172,168,362,449,332,175,300,369,174,347,364,315,349,173,348,447,385,375,299,312,314,333,301,592,295,177,176,180,179,178,373,383,432,392,183,167,182,344,247,350,303,181,345,186,185,296,360,353,284,237,410,184,328,302,298,297,195,294,194,307,306,317,310,286,305,311,273,292,597,326,339,268,275,321,283,201,342,205,346,290,596,272,293,304,193,209,316,187,288,309,308,232,
25,469,495,468,553,564,525,491,460,131,471,523,419,393,365,363,173,371,167,445,389,429,332,170,370,593,372,171,361,172,378,374,362,377,376,373,384,331,375,169,449,450,379,369,383,364,174,168,446,353,503,502,175,296,349,348,295,300,297,299,298,360,301,333,180,294,358,179,178,177,302,359,287,176,183,182,181,184,315,190,185,305,347,304,355,316,314,191,306,448,312,303,293,307,308,313,254,309,189,368,396,345,337,346,597,276,595,344,285,273,311,310,328,317,598,596,195,194,447,343,193,272,186,236,286,232,
460,488,463,498,490,162,467,497,462,576,171,445,370,288,298,359,296,449,169,349,182,358,310,451,189,362,174,300,172,369,168,167,372,448,361,332,170,374,373,375,371,503,166,376,377,594,363,333,173,378,595,452,384,379,383,396,397,380,299,382,381,366,444,395,398,165,399,419,368,297,348,364,353,272,318,191,305,311,309,317,312,331,302,190,450,175,365,301,360,295,178,177,176,515,181,180,394,179,183,411,412,391,294,304,315,184,192,239,345,316,314,306,328,307,185,447,226,233,229,282,252,338,237,292,446,350,
497,471,469,463,561,32,127,491,477,594,184,166,177,176,369,596,363,332,168,370,169,361,299,360,330,303,297,349,171,447,374,170,371,348,301,167,300,362,375,450,372,333,373,165,376,444,449,377,296,173,358,384,452,397,378,448,366,504,172,398,379,382,383,356,396,399,298,381,380,385,395,190,505,364,174,451,445,175,446,347,180,179,178,183,182,181,302,191,402,353,189,365,350,295,359,294,306,305,311,201,304,315,314,313,309,308,307,329,316,312,401,200,310,331,418,419,292,324,234,270,243,232,281,293,318,326,
497,494,471,470,430,459,491,94,398,166,164,450,383,376,385,378,349,375,377,361,444,165,332,370,374,598,170,298,296,301,348,300,171,169,359,364,363,173,168,167,449,356,372,373,446,371,384,369,190,174,362,366,448,447,386,333,399,299,445,382,379,401,397,402,434,396,381,400,597,172,302,297,163,380,358,175,360,179,178,451,177,176,183,395,417,418,415,416,182,387,423,181,180,350,303,394,184,443,403,414,419,312,368,329,189,295,311,310,319,313,294,309,308,330,355,293,307,306,291,305,318,314,365,304,317,185,
511,471,495,489,126,431,28,435,386,379,376,366,382,447,372,373,371,399,378,383,423,384,434,332,164,163,443,401,377,387,450,446,375,385,299,175,448,356,165,362,348,444,166,173,363,449,369,359,169,172,301,370,400,416,417,398,300,361,349,374,599,402,333,174,168,167,397,357,381,519,298,170,302,445,455,179,178,177,176,418,182,181,180,319,380,396,183,415,297,364,422,368,395,162,171,358,360,355,454,394,403,388,405,367,184,8,404,414,303,393,312,296,350,204,419,311,310,7,329,234,252,326,242,291,323,294,
574,552,496,517,128,423,335,235,351,216,243,296,287,307,443,299,178,297,167,302,301,166,446,373,376,371,378,349,163,377,383,387,382,372,447,361,454,379,455,388,362,449,165,386,384,300,366,375,385,368,164,370,334,333,374,359,363,162,422,316,286,293,198,327,295,350,380,381,348,329,332,168,175,364,354,352,169,369,174,417,445,170,418,399,403,173,402,404,172,456,400,357,401,171,439,416,303,389,396,395,398,519,415,421,440,442,177,176,419,365,397,367,450,179,180,298,355,188,453,181,448,312,324,356,184,182,
148,486,540,393,300,188,374,457,373,421,372,162,442,381,447,349,449,378,333,359,445,379,375,387,371,361,388,334,382,376,455,362,370,303,446,366,164,352,343,169,385,383,377,380,386,301,363,302,384,456,389,422,454,418,165,423,368,357,161,437,438,163,448,299,174,305,342,345,344,234,236,280,331,283,276,277,254,241,288,166,364,348,167,316,187,369,311,351,297,168,175,295,365,403,439,354,170,173,350,171,172,298,296,177,404,176,310,178,179,332,329,353,390,440,312,360,402,309,417,453,304,400,401,441,180,443,
493,23,381,382,187,447,361,299,162,362,363,388,372,349,374,302,387,386,389,458,188,380,457,366,456,373,448,376,377,391,454,333,445,378,379,446,303,455,301,390,161,165,334,375,421,364,164,385,371,357,441,444,178,176,163,453,422,383,442,420,459,166,352,437,160,359,297,315,300,298,370,360,244,247,238,273,239,316,234,342,280,313,282,346,351,325,219,277,200,337,223,332,369,384,365,179,354,169,168,175,174,350,296,310,189,170,172,295,171,173,353,167,452,304,287,326,186,348,305,438,177,419,368,404,418,477,
361,175,166,161,364,455,378,390,387,376,380,377,375,445,453,379,373,362,456,444,460,366,457,357,454,349,391,441,296,459,386,382,381,295,333,374,420,461,363,162,458,187,160,383,385,452,446,165,389,388,421,334,159,405,188,164,419,448,406,440,367,180,302,354,163,369,447,372,298,181,352,178,174,323,313,351,365,335,303,384,392,479,443,167,371,301,360,297,300,353,299,244,320,243,234,235,346,179,370,404,158,305,350,186,171,170,173,172,169,168,189,312,442,304,306,176,355,310,177,328,348,265,327,326,325,324,
219,350,382,349,385,363,354,161,390,335,447,443,357,453,379,378,383,444,377,375,387,381,456,386,160,392,461,373,362,299,372,440,380,452,391,361,376,393,301,388,360,457,369,389,366,364,374,300,333,384,454,306,334,479,371,420,353,159,394,367,405,370,406,358,158,476,475,451,162,305,166,165,458,171,298,187,356,169,355,352,167,455,172,445,164,460,317,293,302,170,173,312,441,163,174,365,168,175,296,459,439,484,407,448,419,297,446,295,514,328,404,351,303,304,485,177,176,442,313,307,178,216,294,348,188,186,
387,377,350,313,168,298,300,306,354,379,376,360,162,366,363,381,302,353,305,355,386,390,349,440,385,161,375,456,378,361,380,373,443,369,371,370,388,389,447,391,455,451,362,334,444,475,160,335,364,393,358,392,460,394,450,158,476,367,357,159,484,411,485,474,479,307,383,382,449,384,372,459,452,157,483,301,374,454,299,356,448,457,172,171,410,166,404,165,446,304,453,333,352,365,170,405,173,406,167,164,482,395,442,163,308,515,514,486,481,478,409,477,169,174,445,584,441,175,458,296,461,402,407,480,412,297,
352,219,312,234,244,242,233,296,290,323,162,308,175,370,349,383,366,299,168,365,333,302,388,384,360,441,376,301,371,300,442,392,391,443,160,334,475,444,243,481,448,378,386,450,455,377,449,363,295,373,361,482,459,157,367,446,395,484,394,156,335,409,476,159,480,474,447,358,440,483,158,486,393,389,451,390,379,307,375,387,369,445,487,385,410,485,527,380,478,452,161,479,372,362,382,477,364,411,356,396,405,412,355,397,406,381,413,357,354,402,414,374,353,401,304,473,165,164,488,171,298,456,454,306,163,172,
322,294,239,236,243,222,221,244,324,343,321,245,241,342,300,357,263,220,169,311,215,301,363,177,219,176,366,378,349,240,457,333,297,307,308,372,348,313,285,356,480,361,390,444,376,479,446,451,392,396,375,445,383,482,487,473,478,156,477,443,364,155,410,472,475,391,360,379,395,358,393,484,459,394,488,452,474,334,159,377,486,367,389,447,158,448,483,397,411,476,157,362,371,413,405,373,369,382,374,387,442,485,412,388,458,380,384,381,370,385,455,335,414,386,304,489,453,450,398,409,402,406,401,303,416,3,
285,286,352,295,297,298,330,284,319,278,254,263,229,264,357,173,245,271,456,371,277,244,474,316,317,269,249,366,262,227,287,257,268,223,267,256,302,255,228,240,291,365,354,243,239,293,306,161,364,377,344,380,388,253,348,272,448,355,387,363,356,300,376,361,445,155,397,444,488,475,309,476,411,486,483,477,382,489,369,449,389,358,390,482,451,458,457,393,156,487,367,450,394,391,383,452,392,413,398,395,157,446,396,484,409,443,308,485,412,349,381,158,414,410,479,335,473,362,385,384,454,453,378,408,478,372,
269,260,297,298,241,284,263,258,262,287,261,301,347,357,371,300,215,253,327,339,171,355,456,320,281,286,179,449,306,270,278,271,244,277,315,229,272,238,279,319,285,246,317,239,245,283,280,273,455,307,330,251,242,243,267,274,223,268,325,265,172,264,250,337,302,474,454,299,376,311,156,309,445,343,477,395,389,393,335,396,372,361,394,487,397,384,367,398,452,475,486,476,482,390,451,410,483,308,383,488,411,485,457,489,450,155,473,490,391,373,310,409,412,399,458,413,414,382,385,349,346,392,446,453,484,154,
159,387,364,311,484,488,384,397,451,378,393,487,312,372,392,341,380,363,337,370,163,356,374,481,389,456,386,358,477,226,162,280,284,320,299,301,344,379,285,295,266,303,253,479,455,476,447,293,264,272,268,294,345,302,161,318,283,317,258,300,269,282,281,223,218,267,279,276,231,240,321,319,243,271,273,296,365,278,290,157,214,173,366,291,171,200,398,160,371,309,394,350,334,388,381,375,361,483,158,238,343,376,486,469,310,383,420,390,474,446,452,411,396,490,395,385,391,491,448,449,336,485,450,155,377,349,
381,451,456,313,376,397,383,310,382,484,387,362,371,367,374,347,370,340,343,453,372,364,312,488,155,349,492,393,390,373,311,356,329,332,400,385,394,491,353,231,303,455,158,358,348,156,478,309,322,247,295,260,300,351,244,254,268,258,298,380,379,319,282,299,377,305,297,454,452,479,264,283,286,281,315,277,284,321,270,267,184,241,238,265,228,236,171,213,269,239,226,245,227,229,246,291,159,330,253,318,276,302,306,333,162,257,365,401,392,375,161,389,398,468,361,469,480,486,153,416,449,487,359,482,481,386,
365,353,484,485,364,483,395,314,493,362,375,367,382,400,487,156,374,335,372,290,343,450,390,403,337,489,151,381,391,491,154,482,383,456,492,488,157,340,349,386,490,467,313,415,385,341,455,387,359,155,481,451,394,396,363,348,449,376,305,291,237,320,277,302,279,247,325,200,241,318,236,284,319,268,355,358,388,366,288,321,243,316,306,267,352,301,297,479,345,380,312,370,173,311,292,287,378,478,169,295,272,285,310,175,280,282,274,174,172,257,283,230,281,255,300,347,273,187,242,153,402,486,448,420,480,152,
302,290,328,229,268,307,326,222,383,450,380,359,371,382,367,421,304,356,168,228,153,315,375,397,454,377,364,335,374,418,362,480,365,342,385,419,372,351,348,391,389,492,455,420,488,376,358,156,349,314,395,402,486,390,159,479,378,392,477,154,292,289,184,363,301,306,481,384,170,291,352,299,357,157,381,298,158,379,259,237,174,205,284,260,283,321,343,258,234,339,341,152,399,353,338,373,340,396,155,485,220,238,370,347,345,276,270,401,346,394,344,451,393,398,453,308,297,218,400,467,489,337,482,484,494,350,
385,419,467,391,153,383,382,352,373,353,387,386,401,351,481,293,380,297,398,394,365,335,399,486,364,345,482,370,490,418,348,393,396,405,354,151,315,343,395,397,420,480,379,355,384,400,484,390,263,308,487,392,483,494,152,479,374,466,454,314,381,157,155,156,376,375,294,255,338,341,342,372,367,388,300,339,451,402,150,403,377,346,362,453,465,337,495,422,492,485,491,417,158,493,146,344,404,421,154,349,350,378,296,371,478,356,340,489,450,149,423,145,452,347,488,496,313,389,162,161,160,165,424,406,164,407,
237,400,387,315,352,365,153,384,391,495,382,311,145,362,399,295,392,364,496,354,356,406,453,486,418,341,370,373,386,335,394,466,484,353,346,342,403,151,380,405,424,483,494,395,367,338,372,480,481,348,316,383,393,375,355,385,152,374,371,482,401,397,398,381,396,493,351,465,402,417,376,345,485,463,344,379,454,488,497,419,487,404,148,422,150,479,491,452,390,467,423,349,154,420,421,314,416,350,155,343,492,546,545,489,490,296,388,464,425,407,156,526,347,297,527,415,157,298,337,377,334,339,455,360,528,459,
297,354,236,351,383,399,353,348,316,386,298,284,273,155,299,303,164,372,329,357,302,377,289,238,482,483,525,371,382,396,381,406,343,373,489,362,400,416,397,237,486,356,352,344,481,401,364,355,485,385,376,495,384,374,156,295,366,341,496,487,151,340,488,154,370,160,345,387,294,333,417,153,395,465,418,338,398,497,365,360,407,490,342,464,346,484,367,419,393,526,492,466,394,480,424,315,491,149,334,301,405,380,493,494,157,388,548,404,420,402,425,347,403,375,349,379,415,146,544,527,158,378,163,423,392,350,
385,373,380,465,488,495,384,376,382,295,235,365,153,357,398,345,482,464,149,341,344,485,151,371,355,353,340,347,381,396,301,379,354,374,370,483,401,394,416,393,407,333,484,496,456,528,360,489,391,541,405,425,492,388,352,169,387,375,372,400,348,418,367,466,342,304,317,299,427,493,486,334,487,362,351,395,356,377,378,402,318,332,404,403,346,297,237,358,236,494,417,397,150,399,525,383,422,415,343,366,463,406,491,392,552,419,408,146,460,526,364,390,497,490,386,160,389,524,462,338,426,527,335,291,232,152,
152,343,385,486,341,354,373,384,464,301,159,383,335,378,360,297,362,388,160,382,375,357,402,355,370,358,334,352,356,487,347,377,493,380,374,147,417,418,372,344,353,399,351,371,484,492,428,494,489,48,241,345,346,318,390,379,485,419,463,425,389,405,456,407,465,427,348,359,381,462,396,497,333,376,397,401,416,398,488,461,495,336,490,367,527,332,293,387,408,365,415,403,366,342,466,339,429,406,386,400,426,457,423,151,458,483,528,491,529,421,404,440,393,144,499,496,156,459,331,422,395,391,467,340,330,329,
384,353,144,371,372,426,387,341,376,342,368,419,497,375,300,157,383,340,333,357,359,407,145,146,339,377,335,148,373,374,358,486,429,402,345,331,544,428,404,334,352,425,381,385,367,463,380,343,355,265,332,248,487,386,390,344,153,356,382,160,330,360,370,399,152,378,489,354,418,492,490,348,417,351,398,401,391,388,379,301,336,159,464,347,488,405,346,462,408,406,493,403,430,467,494,397,156,318,465,400,389,458,527,485,459,396,422,414,362,416,468,409,393,460,394,499,421,469,491,500,350,496,530,392,155,294,
333,334,332,380,389,401,377,372,383,249,430,157,235,163,367,146,149,375,403,392,300,370,161,388,393,360,382,426,363,339,486,425,144,461,491,335,523,406,399,301,159,331,376,371,379,385,378,404,421,384,402,356,489,160,412,348,341,342,154,322,411,381,336,354,155,340,343,390,357,374,431,359,373,347,352,405,391,522,488,387,492,462,429,358,468,470,409,463,345,400,386,355,145,467,527,408,490,152,344,153,330,493,346,158,407,351,353,394,148,398,526,397,472,529,422,496,368,460,494,420,469,419,410,525,524,487,
155,390,145,332,410,371,335,404,149,319,430,154,148,340,290,297,312,158,490,375,157,343,402,403,333,350,407,360,150,411,334,406,382,381,353,373,341,384,383,388,147,401,354,461,386,488,378,379,400,460,525,429,376,336,367,469,370,422,419,391,491,392,522,528,470,374,399,368,389,405,409,377,351,489,359,380,352,355,492,426,493,521,348,385,420,346,468,425,394,526,393,421,323,238,259,146,487,339,289,218,356,559,342,324,309,144,363,471,387,412,427,462,428,143,423,495,349,24,527,533,523,424,408,532,432,344,
318,253,320,375,433,333,378,488,145,144,392,387,360,149,334,147,239,352,157,324,365,335,390,382,560,561,528,358,376,355,359,348,389,490,403,391,143,395,425,146,192,429,377,374,426,379,386,346,526,427,380,402,342,393,319,394,370,388,533,343,159,364,383,356,345,434,489,494,424,520,344,142,527,357,384,368,525,349,354,351,410,407,347,470,385,521,532,469,428,404,493,353,373,332,160,492,298,491,158,269,148,472,471,366,323,411,400,339,406,361,412,422,381,139,141,409,401,396,495,475,505,337,363,534,405,371,
403,358,355,349,342,395,394,147,434,385,343,340,299,356,372,354,507,357,411,336,335,360,341,435,536,491,155,410,373,526,140,389,384,383,364,423,366,149,148,334,493,351,412,146,277,317,313,319,278,281,285,333,324,325,387,353,388,425,392,408,347,409,401,490,397,391,402,344,378,393,495,332,375,142,376,159,156,382,348,139,352,396,377,145,407,406,531,525,471,404,150,192,143,386,359,424,433,379,432,428,345,470,521,488,494,405,426,427,489,498,532,420,374,141,468,381,339,472,530,469,368,524,380,422,505,529,
360,393,402,392,431,336,434,386,142,139,352,375,141,140,191,364,373,348,321,342,473,358,432,396,397,350,426,370,389,531,356,398,405,383,192,340,150,334,151,365,347,148,325,149,385,391,429,276,295,157,341,390,353,374,382,351,376,506,401,528,380,145,428,354,471,536,395,138,519,427,343,493,144,408,494,378,320,306,303,433,505,335,349,495,404,344,377,146,143,521,355,359,346,345,394,435,491,492,366,387,156,147,367,407,496,406,472,384,507,423,520,337,388,379,535,525,357,425,422,361,436,526,534,381,510,368,
140,147,322,321,373,144,357,381,518,393,355,352,375,148,429,289,430,425,426,142,396,399,344,397,387,151,434,348,409,350,386,356,359,473,156,336,354,340,335,435,143,358,505,436,365,351,410,493,364,377,337,343,334,319,149,146,275,274,342,400,477,496,427,139,391,523,150,405,516,491,378,345,406,138,346,367,360,495,407,145,353,341,141,366,395,431,394,301,326,383,517,349,522,392,471,347,376,537,390,494,428,288,379,361,370,388,498,437,389,432,525,527,472,519,475,433,506,398,385,384,423,424,529,461,511,382,
367,435,147,428,146,407,341,323,140,344,430,461,462,498,337,321,518,142,148,371,143,494,342,343,345,141,436,322,151,150,364,392,359,144,394,138,429,437,366,360,149,348,426,327,365,493,427,152,326,431,139,352,378,145,375,347,496,299,331,523,380,338,522,346,377,379,538,355,517,495,293,137,376,434,398,351,136,393,356,406,353,399,388,349,354,397,292,519,295,303,317,319,294,395,336,520,255,290,374,497,400,509,368,390,361,528,504,389,438,385,396,381,499,405,391,358,425,524,485,505,409,484,408,433,357,492,
377,146,346,152,372,329,399,367,397,344,519,505,356,323,433,149,138,439,379,347,348,430,144,398,495,352,440,406,354,462,494,395,137,357,371,365,345,341,426,396,508,366,393,327,428,407,338,380,437,375,436,293,328,153,373,142,374,435,185,376,431,432,429,498,400,461,401,294,148,318,517,434,378,360,496,404,504,355,361,381,520,295,509,136,394,145,408,135,143,333,241,264,147,296,518,343,321,316,427,141,402,349,368,364,458,425,533,493,351,503,463,497,454,506,134,476,403,390,359,523,322,521,392,353,460,536,
400,338,462,328,526,372,342,399,319,408,393,500,495,433,145,378,346,351,509,324,427,144,497,404,426,480,349,504,381,357,431,350,153,185,397,138,137,380,360,295,463,264,303,551,537,507,364,343,428,373,356,521,459,366,361,358,539,376,298,508,390,401,519,352,533,365,329,320,290,294,134,432,429,441,520,347,344,355,341,143,353,135,535,442,430,322,496,354,379,359,460,345,407,142,151,218,371,348,534,498,158,315,402,513,464,505,412,501,482,368,403,293,398,389,394,395,487,396,386,136,523,385,383,541,450,494,
428,151,139,157,388,343,263,347,297,346,371,449,360,352,138,379,522,350,476,320,395,348,366,136,359,500,349,351,458,367,431,551,537,464,533,140,538,341,404,213,303,427,152,400,535,365,390,429,442,134,373,460,356,357,383,408,385,521,459,145,498,361,435,354,399,141,397,149,432,137,436,398,298,539,345,380,540,524,133,534,402,342,358,401,142,299,374,437,372,135,433,520,329,353,463,227,376,150,344,382,248,330,512,339,527,501,410,503,368,355,497,153,523,488,396,462,405,443,391,389,531,413,482,483,340,510,
435,359,353,441,260,297,140,437,314,302,271,154,296,348,139,342,149,150,357,436,152,361,324,343,461,344,371,431,138,351,148,147,478,367,451,366,520,401,523,510,428,466,355,432,533,356,457,429,339,464,430,427,136,443,354,346,403,531,352,375,133,448,358,323,397,345,368,509,372,141,341,499,404,400,465,396,405,522,402,383,536,537,376,381,380,460,479,135,374,387,392,597,325,477,373,322,434,137,299,382,433,360,390,521,406,386,384,526,502,407,456,385,534,458,505,541,467,501,498,132,490,542,538,468,69,500,
436,356,345,142,318,458,147,440,317,319,361,439,510,355,357,505,302,342,521,324,322,384,239,352,429,351,382,354,463,397,524,508,490,321,450,374,457,237,297,238,281,468,366,299,144,301,461,300,433,533,359,372,367,456,343,360,344,132,347,138,371,417,460,265,141,134,451,542,383,504,482,385,376,479,501,386,459,401,523,407,465,481,400,534,135,430,358,405,330,402,435,525,531,406,326,256,403,136,148,441,137,596,526,467,393,395,445,529,388,350,466,444,399,500,477,541,502,537,341,349,390,392,491,448,71,503,
354,130,441,462,299,234,342,131,500,139,151,311,133,132,456,453,405,460,322,508,404,458,459,454,457,358,530,455,141,439,440,352,435,383,510,377,371,136,378,433,332,380,293,315,149,331,406,467,366,400,344,503,361,434,365,466,463,384,137,382,140,323,374,359,401,468,436,532,445,430,376,432,146,498,389,554,388,403,356,348,381,535,431,531,372,461,355,353,145,144,357,367,479,596,387,143,480,134,302,504,304,360,524,385,402,347,492,527,386,303,346,465,351,138,319,135,469,414,349,481,501,487,341,491,543,478,
289,188,323,139,152,300,287,508,284,299,330,503,354,342,199,159,177,293,130,134,348,344,502,131,353,439,351,347,372,358,140,530,129,357,457,440,433,455,132,462,436,435,135,434,381,404,531,355,359,331,150,322,487,402,409,544,460,361,459,345,367,431,447,477,438,532,346,379,286,318,406,500,316,305,382,356,545,385,365,360,501,387,388,325,352,482,525,405,384,380,450,147,437,467,146,466,458,133,136,145,321,143,461,349,463,480,546,510,415,468,469,432,454,378,366,524,374,389,448,341,445,446,484,411,451,430,
