126,122
132,130,149,154,140,135,147,148,150,143,134,136,139,131,133,54,2,137,126,156,144,113,112,153,152,142,62,122,159,492,499,488,165,120,114,157,158,160,116,515,540,514,578,537,526,118,497,64,63,55,141,111,108,61,124,110,0,69,127,138,53,151,60,1,123,145,3,59,4,56,88,129,146,58,6,128,7,57,125,52,8,80,9,10,51,155,50,11,12,78,13,14,49,15,16,17,48,47,18,19,79,46,20,21,22,23,24,25,26,27,28,29,30,31,109,32,5,45,33,34,44,43,35,36,37,38,
63,132,149,152,150,144,133,135,54,134,141,145,2,53,139,124,136,5,131,112,126,142,151,64,105,308,117,499,503,502,501,497,527,118,486,500,494,309,121,491,495,523,562,535,526,548,525,104,55,104,127,109,156,148,153,140,111,62,123,143,56,137,61,60,59,97,65,58,98,147,33,57,138,146,125,130,1,128,0,90,3,34,110,52,154,69,35,129,51,50,49,36,37,4,6,7,48,47,155,8,78,79,9,10,46,45,44,43,42,41,40,39,38,11,66,32,31,30,29,28,27,26,12,13,14,25,
62,2,135,146,112,53,5,132,54,61,63,111,60,59,64,110,55,58,69,57,56,126,109,160,118,503,502,527,526,520,544,501,525,532,523,531,499,500,564,522,530,536,529,117,528,524,119,533,498,158,122,148,90,128,78,52,114,113,159,161,162,163,457,494,491,121,157,123,115,151,139,133,51,79,66,107,108,68,50,49,32,71,48,134,80,149,89,129,47,144,46,45,131,44,72,43,136,42,41,40,39,137,140,38,37,36,35,34,33,31,30,29,73,28,27,130,138,1,26,25,24,23,22,21,20,19,
54,55,56,62,63,61,60,59,111,64,110,69,58,57,78,79,109,66,68,53,52,51,50,500,501,118,499,502,525,522,591,503,119,117,498,526,408,409,495,496,528,504,535,527,524,531,494,530,493,163,497,492,114,144,155,122,488,304,167,312,208,209,491,529,490,158,123,157,489,487,464,115,159,121,113,148,139,71,106,49,132,48,47,88,46,45,152,89,44,128,43,72,133,42,73,112,129,41,40,39,134,146,135,38,130,131,140,126,136,137,138,1,37,36,143,2,35,3,34,4,33,32,74,5,75,31,
111,63,112,54,62,61,110,109,64,69,78,79,106,104,105,107,60,66,68,71,59,58,502,515,503,526,501,525,527,521,533,534,524,523,504,118,119,499,490,487,498,532,531,496,530,529,528,520,522,500,494,176,115,160,158,123,124,159,164,161,121,495,332,250,486,330,235,166,163,408,162,165,177,114,331,536,535,619,537,122,80,148,104,89,108,57,104,72,56,55,53,52,51,50,49,2,48,47,126,46,45,44,43,127,42,41,40,39,38,37,36,35,34,73,5,74,75,33,76,130,32,31,77,30,90,29,
64,111,110,112,63,69,90,99,78,65,109,100,104,104,104,104,105,96,79,66,67,97,502,561,535,501,504,533,520,527,509,516,503,525,537,541,526,524,500,486,489,523,522,531,118,505,530,512,567,555,521,532,183,161,159,115,122,123,158,124,114,487,414,496,492,119,498,499,314,121,126,151,160,155,148,164,494,529,575,528,68,104,156,157,98,101,62,53,71,91,80,61,72,60,131,59,58,57,56,55,54,52,51,2,73,74,75,76,77,81,82,83,50,84,49,85,86,48,87,5,47,46,89,45,70,44,
63,64,91,109,110,65,108,103,103,103,103,103,104,96,105,103,103,103,103,103,103,103,118,558,587,536,540,549,550,535,518,511,560,538,527,502,503,501,119,525,523,522,120,498,494,499,496,534,524,526,504,521,531,530,532,529,497,495,492,493,500,539,519,660,491,490,489,487,464,528,541,520,533,505,465,466,467,408,488,176,468,469,106,103,103,66,100,107,67,92,68,111,80,69,112,78,62,61,74,79,113,2,60,75,59,58,57,56,55,54,76,77,53,52,51,71,50,49,48,47,46,45,44,72,43,73,
112,65,109,110,111,67,100,100,100,100,100,100,100,100,100,100,100,100,100,100,100,100,119,502,501,520,526,619,550,538,522,504,524,521,503,541,539,518,523,120,118,525,498,489,492,527,532,512,531,530,529,497,499,533,515,537,528,505,519,534,517,548,544,496,493,494,535,540,495,500,491,490,487,536,516,542,661,660,506,543,239,328,116,151,100,100,100,100,101,97,102,105,108,92,103,93,64,63,68,80,54,55,66,113,69,78,79,74,75,76,77,90,91,71,62,72,2,61,60,73,53,59,58,81,57,82,
54,110,111,65,95,95,108,95,95,95,95,95,95,95,95,95,95,95,95,95,95,123,526,502,501,503,530,524,517,544,523,522,120,119,500,499,314,495,519,498,164,525,496,497,504,521,494,553,560,540,520,505,527,493,529,518,492,479,491,531,532,554,506,486,480,481,538,539,483,478,488,528,489,449,537,490,533,536,487,534,535,543,516,541,464,485,114,95,95,95,95,95,95,95,109,100,66,64,90,91,67,112,68,69,70,71,95,106,104,63,72,113,73,95,95,95,107,74,102,95,62,55,59,61,58,89,
66,110,111,65,108,95,95,95,95,95,95,95,95,95,95,95,95,95,95,95,159,504,544,502,523,503,517,534,524,527,120,522,485,501,119,525,495,500,521,520,519,496,497,498,494,499,493,554,599,703,492,518,483,488,526,491,486,172,489,487,539,555,558,598,556,514,538,480,531,530,529,344,481,345,160,478,479,516,505,543,540,121,537,532,528,536,533,546,597,545,541,490,124,95,95,100,95,95,95,95,95,101,106,109,102,64,112,113,107,67,95,104,95,95,95,95,95,95,95,95,95,95,92,103,80,81,
107,111,106,95,108,95,95,94,95,95,95,95,95,95,95,95,102,95,95,95,131,502,503,501,504,519,524,526,120,518,521,539,520,496,121,497,206,500,522,523,525,517,495,499,490,494,498,512,505,546,119,492,493,527,515,486,540,538,487,537,536,556,555,578,545,557,534,516,528,530,529,535,532,488,481,483,491,531,484,541,533,489,542,543,506,544,514,480,478,507,513,511,395,95,95,95,95,95,95,95,96,90,110,66,95,103,109,104,97,67,99,113,95,95,95,95,95,95,95,95,95,95,95,98,87,86,
107,90,94,95,95,95,96,108,106,102,97,98,95,95,95,95,95,95,66,95,519,506,523,517,521,503,524,502,520,516,518,522,499,120,501,121,500,495,206,485,400,208,401,545,525,498,504,534,539,540,496,493,536,514,529,497,494,486,487,488,505,554,555,556,526,515,464,169,173,481,483,491,492,538,541,537,535,484,489,480,478,479,490,482,472,473,527,474,528,533,508,530,543,159,95,95,95,95,95,95,95,95,95,95,111,109,95,95,95,103,95,87,95,95,95,95,95,95,95,69,70,71,110,89,68,104,
98,95,107,112,94,106,68,95,69,67,111,110,108,102,99,96,95,113,66,95,518,513,516,543,524,523,544,517,503,520,522,515,500,501,502,121,122,120,492,470,464,312,119,521,545,471,499,527,548,504,519,496,540,683,542,497,498,530,535,486,495,552,553,554,546,547,531,494,189,472,487,463,450,488,489,539,536,490,538,491,483,484,525,479,493,208,506,537,505,541,514,534,123,480,95,95,95,95,95,95,95,95,95,97,109,87,100,95,86,95,95,95,95,95,95,95,95,95,95,95,104,105,72,73,103,70,
68,96,110,66,96,107,65,95,111,67,113,69,93,70,71,89,112,64,114,96,546,638,549,526,524,504,506,512,515,520,521,492,501,498,121,502,499,500,519,494,122,493,488,312,120,165,162,161,712,529,174,166,163,496,523,516,481,511,547,497,495,718,719,507,703,717,556,545,486,480,487,522,489,490,491,483,484,450,175,313,518,485,517,539,479,477,683,478,200,540,538,503,537,536,159,96,96,96,96,96,96,96,96,96,96,96,106,96,96,96,96,96,96,96,96,96,98,108,63,109,104,99,96,94,105,101,
65,106,93,89,96,108,112,67,111,107,68,69,66,113,114,70,71,2,95,64,516,543,522,523,526,503,504,502,121,520,518,456,500,517,521,501,519,499,492,122,498,495,493,458,494,496,176,482,547,548,497,488,166,165,539,538,540,515,507,486,487,712,713,549,510,513,527,524,462,308,457,489,537,535,490,491,541,326,480,164,469,505,459,483,534,484,481,485,475,479,542,546,533,536,125,95,95,95,95,95,95,95,95,95,97,95,95,95,95,95,95,95,95,99,110,90,98,95,95,109,92,102,94,81,88,82,
93,65,111,67,114,66,109,88,89,107,68,113,69,112,64,63,70,99,71,95,159,158,161,124,119,498,538,522,504,501,516,541,499,500,121,495,520,518,202,170,310,502,521,122,470,464,494,162,549,548,517,457,496,488,547,550,513,471,539,551,519,497,536,540,508,524,503,484,463,458,486,487,489,176,163,164,490,505,537,491,459,460,483,492,515,535,533,493,480,532,542,534,481,472,160,95,95,95,95,95,95,95,95,95,95,95,95,95,95,95,95,95,95,95,95,95,95,96,108,110,100,95,95,97,106,90,
87,92,110,104,87,87,87,111,105,112,66,87,93,63,114,67,113,87,156,158,160,159,144,127,145,117,125,502,503,394,170,488,498,491,504,499,208,490,501,494,492,485,517,121,500,175,255,448,546,552,497,495,122,168,496,518,522,466,484,493,486,489,529,525,549,547,541,520,395,481,174,505,540,165,474,450,475,476,477,167,257,449,478,487,482,470,516,538,519,539,515,521,537,506,508,87,87,87,87,87,87,87,87,87,87,87,87,87,87,87,94,87,87,87,102,95,68,87,87,76,77,88,78,87,87,87,
102,92,93,94,76,103,77,95,95,104,113,108,110,63,112,105,95,114,124,208,488,255,162,167,166,161,176,164,190,463,465,163,234,119,498,491,393,121,450,495,493,517,501,500,499,451,168,235,518,551,502,486,452,236,497,504,546,503,505,496,257,549,550,516,521,538,520,122,258,490,494,539,530,489,484,485,464,474,477,446,481,455,288,475,476,492,478,534,487,519,548,540,482,483,515,95,95,95,95,95,95,95,95,95,95,95,95,95,95,95,95,95,95,95,95,95,106,79,95,78,95,95,95,95,95,95,
92,108,110,109,104,93,106,111,105,94,71,103,77,113,70,112,69,88,552,504,462,122,161,162,167,164,502,501,503,498,190,166,496,255,165,163,169,168,448,256,495,500,505,499,494,485,535,447,497,522,474,456,477,449,463,532,478,508,506,517,493,543,524,521,549,545,544,486,491,257,464,191,192,200,193,488,194,516,518,465,484,473,475,393,476,394,450,531,479,121,550,492,487,539,540,88,88,88,88,88,88,88,88,88,88,88,88,88,88,88,88,68,88,88,88,107,88,88,88,88,88,88,88,88,88,88,
92,110,67,113,108,93,71,115,72,102,94,95,104,109,107,66,102,89,719,493,464,468,250,168,449,161,503,709,553,554,552,550,504,540,505,502,501,500,490,491,482,483,506,507,499,122,539,494,498,497,541,495,458,190,496,555,545,123,462,485,508,551,549,544,524,546,542,488,164,172,492,474,165,463,471,448,393,538,536,163,191,475,476,477,467,478,473,556,479,486,548,394,517,515,537,102,102,102,102,102,102,102,102,102,102,102,102,102,102,102,102,70,74,102,102,102,102,102,65,102,102,102,102,102,102,102,
67,109,89,90,113,66,111,108,103,102,74,112,115,110,104,71,128,129,718,234,126,125,486,161,163,172,506,719,709,710,711,712,559,554,463,488,249,208,121,469,250,171,504,553,505,501,492,498,503,540,536,502,500,499,458,495,507,538,550,508,497,555,655,547,522,526,546,494,209,459,483,123,464,449,450,484,541,539,542,235,496,493,477,509,474,122,489,556,476,478,530,479,511,534,518,102,102,102,102,102,102,102,102,102,102,102,102,102,102,102,102,102,120,482,490,251,537,166,72,102,102,102,102,102,102,102,
113,110,89,90,114,115,111,109,74,102,75,112,71,72,91,67,96,120,719,503,161,165,167,163,162,171,539,709,710,711,712,655,713,714,254,500,473,450,493,255,451,452,537,554,498,495,501,484,506,483,123,477,482,478,492,125,208,507,536,543,541,555,594,553,556,518,535,166,121,209,466,496,505,462,344,489,540,494,474,200,504,476,499,502,497,508,479,654,490,488,544,542,516,545,515,102,102,102,102,102,102,102,102,102,102,102,102,102,102,102,102,102,509,510,538,511,534,514,68,102,102,102,102,102,102,102,
90,109,110,72,74,75,96,73,115,89,99,91,100,114,111,66,83,394,719,555,165,126,125,161,162,450,508,709,710,552,538,504,502,510,505,500,494,506,395,484,492,517,535,507,540,208,209,198,539,541,474,465,490,488,548,556,534,160,199,473,487,718,565,554,559,557,525,503,200,164,462,463,493,391,451,448,501,499,466,167,509,542,543,495,124,477,498,522,537,470,536,511,544,549,496,83,83,83,83,83,83,83,83,83,83,83,83,83,83,83,83,134,531,533,545,546,497,547,80,83,83,83,83,83,83,83,
114,89,88,84,111,115,103,80,102,106,71,112,68,113,72,69,88,506,719,591,500,163,162,121,167,394,508,709,710,510,536,513,533,550,505,499,540,503,484,208,507,554,509,538,537,122,234,254,542,541,449,448,474,462,552,560,531,126,457,463,539,520,657,529,711,566,512,543,169,170,493,209,498,450,483,168,502,249,250,164,544,511,504,497,496,465,477,559,535,451,545,549,495,546,501,88,88,88,88,88,88,88,88,88,88,88,88,88,88,88,88,155,547,548,534,494,124,532,88,88,88,88,88,88,88,88,
116,114,96,99,72,110,71,111,77,77,84,85,77,68,77,73,67,558,718,717,542,122,196,484,256,170,501,591,556,504,507,543,544,536,163,120,119,159,190,508,512,537,257,197,498,201,492,489,514,534,485,506,505,491,540,575,563,503,161,175,496,555,523,553,652,557,541,204,539,538,467,168,494,171,121,169,502,298,198,465,495,509,497,500,490,488,493,528,510,499,124,526,551,474,545,77,77,77,77,77,77,77,77,77,77,77,77,77,77,77,77,75,475,172,476,477,165,166,77,77,77,77,77,77,77,77,
84,79,79,79,79,79,79,79,80,79,96,85,79,70,79,75,160,519,518,718,555,506,450,161,466,550,542,552,533,505,543,538,549,544,504,162,121,120,159,196,497,541,512,503,400,197,540,467,551,534,468,496,451,539,502,525,557,510,500,492,495,554,511,526,528,655,535,175,254,164,215,166,165,490,486,176,487,124,170,452,453,501,491,498,255,499,454,531,548,494,482,556,507,508,125,79,79,79,79,79,79,79,79,79,79,79,79,79,79,79,79,72,546,537,547,536,509,545,122,79,79,79,79,79,79,79,
91,91,91,91,91,91,91,91,91,91,80,91,91,99,91,81,121,517,519,557,518,512,442,162,489,525,508,510,550,505,507,541,548,537,552,540,127,161,128,165,488,535,709,542,506,504,125,502,536,538,503,443,496,539,124,511,532,533,545,498,543,524,513,638,528,530,553,468,497,168,495,171,172,491,500,175,501,546,164,492,173,193,486,499,192,494,218,555,544,490,445,591,547,509,169,91,91,91,91,91,91,91,91,91,91,91,91,91,91,91,91,91,556,549,534,551,531,527,493,100,91,91,91,91,91,91,
91,91,91,91,91,91,91,80,91,91,91,91,91,91,91,91,199,517,515,514,533,509,496,166,444,539,125,532,540,506,508,538,537,549,541,546,192,442,505,200,280,507,543,488,170,218,504,503,550,547,544,502,545,447,497,536,551,554,535,445,548,531,512,553,595,575,542,474,193,446,475,173,448,201,174,175,476,534,219,500,400,470,477,478,479,124,449,639,510,501,494,556,552,495,401,91,91,91,91,91,91,91,91,91,91,91,91,91,91,91,91,91,528,490,491,511,492,555,493,91,91,91,91,91,91,91,
95,95,96,95,95,95,95,95,95,95,95,95,95,95,95,95,505,514,522,519,523,526,504,125,506,508,503,550,507,547,546,545,544,543,548,537,539,549,542,502,461,541,540,501,174,175,368,462,538,509,489,474,475,476,477,535,536,532,510,478,479,534,552,553,533,551,512,496,490,166,491,171,192,198,199,369,400,554,492,256,401,493,488,486,487,484,485,531,555,257,482,511,556,483,530,95,95,95,95,95,95,95,95,95,95,95,95,95,95,95,95,95,529,472,528,527,473,480,481,95,95,95,95,95,95,95,
95,95,76,104,95,95,95,95,95,95,95,95,95,95,95,95,546,513,519,515,593,554,505,199,504,503,506,508,507,545,544,543,537,542,509,533,125,541,547,192,502,489,540,539,474,548,538,475,476,477,163,368,369,441,478,549,536,510,535,479,491,550,551,552,534,553,492,488,200,486,487,370,462,201,219,440,220,484,532,463,386,485,482,483,472,193,473,531,555,480,481,501,496,490,493,95,95,95,95,95,95,95,95,95,95,95,95,95,95,95,95,95,639,638,637,636,635,634,500,105,95,95,95,95,95,95,
95,95,118,100,95,92,95,93,95,95,95,95,95,95,95,95,507,589,595,549,517,536,503,502,504,501,505,506,508,489,474,542,543,541,540,546,545,544,475,476,477,478,479,441,440,126,488,486,487,539,166,165,498,171,484,547,509,538,537,485,510,548,535,534,559,550,172,176,169,500,482,177,483,178,170,368,369,472,552,496,473,481,125,497,490,198,491,573,638,123,492,493,480,499,494,95,95,95,95,95,95,95,95,95,95,95,95,95,95,95,95,95,554,637,495,636,533,443,471,95,95,95,95,95,95,95,
92,92,75,92,92,92,92,96,93,92,92,92,92,92,92,92,538,515,575,507,523,540,503,126,504,505,506,508,502,489,542,543,541,488,474,509,475,368,476,477,478,544,479,165,193,496,442,500,444,546,497,167,494,501,486,545,539,559,487,510,547,632,638,639,637,636,441,169,195,176,485,168,482,174,194,384,498,483,635,199,175,445,385,484,386,196,472,524,582,273,473,481,499,495,274,92,92,92,92,92,92,92,92,92,92,92,92,92,92,92,92,92,558,634,633,631,630,629,490,92,92,92,92,92,92,92,
80,80,80,80,80,80,80,80,80,80,80,80,80,80,80,80,514,556,591,562,542,539,504,496,503,443,502,499,505,500,506,581,590,578,507,501,494,126,498,385,490,543,491,442,492,444,369,219,163,469,541,493,173,384,495,544,540,597,508,545,560,546,509,538,561,575,486,129,487,128,488,368,189,200,386,165,167,168,489,169,415,485,471,474,475,476,638,479,607,174,480,481,482,483,484,80,80,80,80,80,80,80,80,80,80,80,80,80,80,80,80,132,547,639,497,637,636,635,634,80,80,80,80,80,80,80,
79,79,79,79,79,79,79,79,79,79,79,79,79,79,79,79,514,581,671,574,575,507,504,500,502,499,505,503,501,498,506,539,513,515,516,542,541,494,491,219,384,545,493,189,286,472,496,441,165,170,495,487,368,473,497,544,543,540,508,489,638,639,637,636,535,520,490,128,192,171,635,492,486,488,474,443,475,479,634,166,176,442,480,481,482,483,633,484,578,385,485,126,476,477,478,79,79,79,79,79,79,79,79,79,79,79,79,79,79,79,79,164,632,631,630,629,628,627,471,79,79,79,79,79,79,79,
95,95,95,95,95,95,95,95,95,95,95,95,95,95,70,95,514,520,563,691,598,507,502,192,504,501,505,506,503,443,441,500,542,575,541,499,177,473,491,493,498,545,544,472,496,368,286,438,487,488,543,489,172,193,497,536,540,639,597,490,492,638,637,636,635,634,494,162,287,384,164,124,163,174,165,127,495,486,480,633,481,176,482,483,484,485,632,126,631,442,474,475,476,477,478,95,95,95,95,95,95,95,95,95,95,95,95,95,95,95,95,630,629,628,627,626,625,624,129,95,95,95,95,95,95,95,
108,108,108,108,108,108,108,108,108,108,108,108,108,108,108,108,588,589,507,506,545,505,499,462,501,463,503,504,502,500,498,487,544,543,542,541,438,178,442,489,490,491,540,496,492,368,443,286,493,497,495,486,444,488,480,639,638,481,637,636,482,597,635,634,633,632,483,168,369,484,485,164,165,179,370,126,441,180,170,494,631,478,479,472,473,474,475,476,630,477,464,465,445,446,447,108,108,108,108,108,108,108,108,108,108,108,108,108,108,108,108,538,629,628,627,626,625,456,123,108,108,108,108,108,108,108,
104,104,104,104,104,104,104,104,104,104,104,104,104,104,104,130,588,589,540,645,506,505,175,489,499,502,503,504,474,501,498,500,492,496,497,507,487,274,176,490,491,644,643,441,442,486,495,488,642,480,481,482,173,195,483,641,640,484,493,485,494,639,638,596,637,597,479,437,163,164,129,126,172,170,168,166,169,384,171,165,475,636,477,478,464,385,465,456,635,457,458,459,460,461,472,162,104,104,104,104,104,104,104,104,104,104,104,104,104,104,104,581,634,580,633,632,631,473,132,104,104,104,104,104,104,104,
104,104,104,104,104,104,104,104,104,104,104,104,104,104,104,368,523,524,595,556,506,504,178,478,456,501,502,500,488,499,498,497,496,490,491,487,489,494,174,503,505,645,644,442,437,495,486,481,643,482,457,483,177,172,484,642,641,485,492,640,639,638,637,655,636,635,538,634,493,126,170,479,480,232,171,166,175,179,173,438,168,458,459,460,461,473,474,475,476,477,464,465,466,467,468,469,104,104,104,104,104,104,104,104,104,104,104,104,104,104,104,588,633,632,631,630,629,470,159,104,104,104,104,104,104,104,
96,96,96,96,96,96,96,96,96,96,96,96,96,96,96,492,524,588,506,504,503,502,498,490,491,500,501,505,493,499,487,496,497,488,489,486,481,482,430,483,494,495,484,439,368,441,485,480,583,478,437,479,456,457,458,671,670,459,448,460,649,648,538,655,654,589,547,581,574,461,477,174,429,178,431,369,432,464,465,164,177,170,466,467,647,468,370,469,646,470,471,442,443,444,445,446,149,96,96,96,96,96,96,96,96,96,96,96,96,96,96,596,645,644,643,642,641,447,57,96,96,96,96,96,96,96,
97,97,97,97,97,97,97,97,97,97,97,97,97,97,97,499,588,594,671,505,670,501,498,429,492,500,496,502,174,487,503,497,489,490,491,486,482,483,171,495,488,484,485,437,428,479,480,448,566,504,481,493,494,649,456,648,647,457,458,459,646,645,644,536,558,589,596,597,556,643,460,461,166,478,126,170,464,642,641,176,431,173,465,466,467,468,449,469,640,639,470,471,442,443,444,430,124,97,97,97,97,97,97,97,97,97,97,97,97,97,97,598,638,637,636,635,634,445,68,97,97,97,97,97,97,97,
87,87,87,87,87,87,87,87,87,87,87,87,87,87,87,448,588,583,536,589,503,501,499,175,498,492,497,500,495,496,502,489,490,491,487,482,483,481,456,192,488,494,486,193,457,432,460,172,538,504,194,484,485,478,461,505,539,479,480,493,644,643,477,558,582,590,567,655,562,597,575,642,458,174,177,171,165,449,459,176,433,168,472,473,474,475,476,462,463,454,368,455,464,465,442,466,167,105,87,87,87,87,87,87,87,87,87,87,87,87,87,598,641,640,671,670,669,668,161,87,87,87,87,87,87,87,
85,85,85,85,85,85,85,85,85,85,85,85,85,85,85,501,597,598,504,502,500,499,192,200,193,503,641,645,498,497,496,490,491,495,489,644,487,482,483,494,488,485,486,172,194,442,492,484,481,643,166,174,438,368,439,642,640,649,480,493,479,456,457,648,458,459,460,472,599,655,647,522,646,168,473,176,443,474,448,378,167,195,475,175,476,477,478,461,462,639,463,454,419,455,464,465,170,85,85,85,85,85,85,85,85,85,85,85,85,85,85,638,637,636,635,634,633,632,161,85,85,85,85,85,85,85,
99,99,99,99,99,99,99,99,99,99,99,99,99,99,99,500,647,503,502,558,501,438,499,497,498,504,495,489,456,447,490,491,496,494,649,488,648,486,487,646,483,484,485,171,172,174,167,482,457,492,128,458,493,480,472,481,474,645,473,475,644,476,459,460,461,462,463,464,643,465,166,546,642,170,168,173,176,193,466,467,129,127,468,469,470,471,477,478,479,641,448,449,450,451,452,453,169,99,99,99,99,99,99,99,99,99,99,99,99,99,99,640,639,638,637,636,635,655,162,99,99,99,99,99,99,99,
100,100,100,100,100,100,100,100,100,100,100,100,100,100,100,649,506,559,650,507,503,447,175,498,500,502,501,499,497,495,489,472,126,490,645,491,494,488,456,486,487,485,496,208,492,493,206,482,483,484,171,437,452,444,480,644,643,642,481,641,595,547,640,648,474,475,473,476,166,174,129,647,646,207,457,458,298,459,460,448,461,462,438,193,463,477,449,478,479,639,453,454,455,464,465,638,132,100,117,131,74,100,100,100,100,100,100,100,100,100,100,637,636,635,655,654,653,652,167,100,100,100,100,100,100,100,
100,100,100,100,100,100,100,100,100,100,100,100,100,100,100,536,506,645,502,644,499,129,440,498,209,500,501,497,492,495,496,494,489,490,643,642,491,641,487,493,481,480,488,210,456,211,174,457,486,485,446,482,483,474,475,484,640,646,473,639,638,649,648,476,647,458,459,460,448,175,173,637,636,176,194,206,172,461,462,463,472,477,447,207,478,479,192,464,635,465,265,466,467,468,469,634,131,118,160,266,132,134,106,100,100,100,100,100,100,100,100,633,632,503,655,654,653,652,171,100,100,100,100,100,100,100,
100,100,100,100,100,100,100,100,100,100,100,100,100,100,100,501,556,506,557,505,500,474,447,208,446,498,499,497,495,494,496,489,502,490,645,644,491,487,481,480,643,493,488,441,440,210,456,453,642,641,486,485,492,482,475,640,483,646,639,484,648,647,638,476,637,636,457,635,129,209,215,634,633,193,169,458,459,194,460,130,448,211,461,462,463,479,472,176,632,655,473,477,382,388,478,454,455,464,465,654,466,467,468,117,100,100,100,100,100,100,100,653,652,651,650,649,631,630,132,100,100,100,100,100,100,100,
100,100,100,100,100,100,100,100,100,100,100,100,100,100,100,498,598,597,536,544,501,500,194,473,496,452,497,499,495,494,490,491,643,493,489,487,482,483,458,481,480,492,488,453,193,175,211,441,642,644,486,485,484,176,448,641,474,645,640,475,639,576,545,476,638,502,192,459,164,228,216,646,637,168,171,212,460,449,461,462,463,472,479,477,478,454,455,446,447,636,456,457,464,217,465,466,173,172,467,468,635,469,470,167,100,100,100,100,100,100,100,634,651,650,649,648,647,633,127,100,100,100,100,100,100,100,
99,99,99,99,99,99,99,99,99,99,99,99,99,99,99,99,598,571,501,594,644,643,493,194,210,499,498,500,497,458,489,496,192,495,642,604,641,640,494,490,491,488,487,482,492,196,195,483,639,481,211,197,638,480,212,486,645,637,636,485,634,502,650,484,649,648,474,473,475,454,213,459,647,460,170,461,462,463,472,206,476,193,479,477,176,174,455,446,447,646,456,457,464,465,466,467,558,633,468,469,632,470,471,216,99,99,99,99,99,99,99,631,630,629,628,627,626,671,164,99,99,99,99,99,99,99,
87,87,87,87,87,87,87,87,87,87,87,87,87,87,87,87,499,503,500,501,498,497,211,496,495,639,492,128,493,176,491,494,486,490,489,638,575,645,488,478,487,470,388,481,177,172,175,475,482,480,485,440,483,174,484,476,644,643,642,468,641,640,669,668,637,636,469,227,383,473,477,471,472,205,635,634,670,474,447,451,416,452,453,454,455,456,457,458,459,649,460,461,462,463,464,465,648,647,466,646,633,467,632,479,123,87,87,87,87,87,87,671,667,666,665,664,685,684,442,87,87,87,87,87,87,87,
87,87,87,87,87,87,87,87,87,87,87,87,87,87,87,87,497,593,498,496,495,493,489,490,494,492,416,165,173,440,486,499,205,485,488,491,487,481,480,167,177,172,206,482,442,210,175,470,166,164,384,171,483,196,484,464,500,619,623,465,501,639,592,466,645,644,467,174,227,471,468,176,469,643,472,169,441,473,474,642,130,475,476,477,478,447,168,448,449,641,450,451,452,453,454,455,640,669,132,417,456,457,458,459,114,87,87,87,87,87,87,668,638,637,636,635,634,670,460,87,87,87,87,87,87,87,
87,87,87,87,87,87,87,87,87,87,87,87,87,87,87,87,498,624,499,500,497,644,496,128,162,495,163,440,132,196,208,493,211,489,494,490,492,491,174,481,487,177,197,206,227,446,441,488,226,165,486,209,485,175,480,482,483,560,646,484,643,639,638,637,592,661,636,453,167,454,131,225,173,129,442,455,464,465,166,466,192,467,468,469,470,471,479,472,473,474,475,476,477,478,447,210,645,642,641,640,448,449,635,450,451,164,136,87,87,87,87,634,633,632,671,670,669,668,452,74,87,87,87,87,87,87,
87,87,87,87,87,87,87,87,87,87,87,87,87,87,87,87,496,499,498,497,495,494,492,133,163,493,134,162,128,487,211,490,440,488,491,481,489,486,175,177,484,176,485,480,482,483,174,464,384,173,465,472,466,212,467,441,468,639,638,469,637,685,636,645,576,595,644,470,471,479,385,477,408,130,171,168,446,265,172,478,132,447,448,449,266,450,409,227,226,451,445,452,453,454,444,72,135,386,643,642,455,164,641,131,170,456,457,70,87,87,87,640,458,459,635,634,633,460,461,32,87,87,87,87,87,87,
87,87,87,87,87,87,87,87,87,87,87,87,87,87,87,87,497,560,498,495,492,478,493,447,494,496,490,174,177,491,487,472,227,488,489,486,485,480,464,473,465,176,466,198,175,173,171,481,477,440,226,448,499,482,483,132,164,467,639,468,131,638,645,644,643,642,469,470,166,449,471,479,484,170,361,165,225,450,451,207,192,442,265,452,208,443,266,167,130,453,454,455,456,457,191,136,128,168,163,190,458,459,641,460,461,199,444,462,172,134,463,640,637,445,636,635,634,446,474,71,87,87,87,87,87,87,
86,86,86,86,86,86,86,86,86,86,86,86,86,86,86,86,498,499,497,495,440,486,494,175,474,496,464,164,493,488,472,492,473,490,491,477,489,487,174,169,208,173,447,198,176,167,177,481,262,227,263,441,639,482,483,166,133,465,638,171,165,645,466,467,644,643,642,468,168,469,480,470,471,479,484,172,132,485,199,170,131,226,225,448,449,192,163,130,191,450,451,641,640,637,452,478,453,454,136,134,455,456,636,457,635,458,128,129,162,209,634,671,670,669,668,688,685,684,459,73,86,86,86,86,86,86,
86,86,86,86,86,86,86,86,86,86,86,86,86,86,86,86,499,565,497,495,494,493,496,492,491,486,490,438,416,488,481,489,464,465,466,467,498,645,598,468,417,220,487,262,442,174,441,469,470,440,471,263,479,208,264,164,163,161,167,175,134,482,644,483,643,642,478,641,484,485,447,448,165,449,176,132,166,450,477,170,451,169,476,452,209,131,400,210,133,168,401,453,454,640,455,456,172,171,177,173,457,458,227,459,130,639,685,162,64,128,135,638,637,460,461,462,636,635,463,127,86,86,86,86,86,86,
87,87,87,87,87,87,87,87,87,87,87,87,87,87,87,87,591,498,496,495,492,218,497,491,219,173,493,200,494,490,488,468,440,469,470,645,644,643,642,471,388,416,220,201,481,202,489,464,389,132,417,176,170,465,441,248,164,133,466,641,467,472,473,479,640,482,483,487,221,486,478,484,165,485,409,167,131,447,265,166,168,174,177,448,449,169,175,171,172,163,227,134,137,450,451,452,162,161,130,410,135,128,159,226,225,453,569,454,136,2,192,639,638,637,455,456,636,635,457,129,87,87,87,87,87,87,
89,89,89,89,89,89,89,89,89,89,89,89,89,89,89,89,560,677,676,496,440,200,494,492,493,489,488,491,464,495,465,176,470,471,472,490,444,473,474,475,445,446,172,173,177,164,132,476,477,165,447,240,416,479,174,480,201,133,448,497,675,481,487,455,674,673,478,202,466,203,166,672,467,270,468,469,482,483,486,169,167,178,441,484,170,271,134,162,171,131,168,175,163,130,274,485,292,223,135,207,498,449,645,136,153,138,129,450,451,161,137,644,643,642,641,640,639,576,453,454,206,89,89,89,89,89,
89,89,89,89,89,89,89,89,89,89,89,89,89,89,89,89,529,601,576,496,170,176,493,494,203,492,495,489,486,172,487,478,490,491,488,464,465,469,470,453,471,466,472,473,474,416,240,475,476,169,177,204,441,241,417,497,477,162,134,645,644,479,481,643,642,641,467,443,468,480,165,483,444,207,164,484,173,485,450,168,452,133,445,454,455,456,457,132,163,130,166,171,135,167,174,175,206,205,458,459,451,460,461,462,131,136,76,463,482,418,192,448,640,449,690,446,447,677,436,437,438,89,89,89,89,89,
95,95,95,95,95,95,95,95,95,95,95,95,95,95,95,95,645,583,496,495,178,489,491,494,466,493,492,490,470,471,473,474,475,476,477,478,479,488,464,487,241,177,416,174,426,270,440,465,467,179,173,417,468,167,175,497,469,72,63,164,486,472,644,480,643,642,481,427,482,483,242,456,457,458,202,459,172,460,461,170,134,131,248,462,463,176,484,171,166,165,133,169,203,448,168,449,450,451,180,454,455,641,640,485,452,32,154,205,204,453,271,431,670,437,669,668,438,646,639,207,208,62,95,95,95,95,
93,93,93,93,93,93,93,93,93,93,93,93,93,93,93,93,497,575,645,496,489,242,490,495,493,491,448,488,492,469,470,471,472,494,473,474,475,476,477,164,478,270,479,487,166,172,416,440,466,467,174,179,468,417,480,481,176,173,483,482,271,131,168,644,643,642,464,177,465,486,441,178,449,456,457,458,450,459,460,484,165,243,175,442,461,462,463,485,454,180,223,244,132,245,455,133,425,202,451,203,443,246,641,640,679,134,157,248,678,677,676,452,675,674,673,672,453,426,427,170,163,136,93,93,93,93,
93,93,93,93,93,93,93,93,93,93,93,93,93,93,93,93,689,584,614,526,493,449,494,495,491,492,490,489,488,487,470,471,472,473,480,474,475,496,476,450,486,477,478,479,453,172,133,482,483,466,242,484,467,468,469,481,177,262,430,464,465,485,455,457,497,641,458,440,459,460,243,168,461,462,204,167,451,463,454,456,134,164,175,263,431,452,425,426,179,270,171,170,169,165,427,166,174,428,429,441,176,244,442,640,679,443,136,140,163,678,677,444,676,675,674,673,672,445,446,173,237,132,93,93,93,93,
94,94,94,94,94,94,94,94,94,94,94,94,94,94,94,94,496,576,601,575,495,493,671,491,490,459,484,492,176,489,494,488,487,472,473,474,483,466,467,453,179,172,180,468,164,134,168,469,486,460,455,470,471,457,479,178,171,262,169,480,475,476,477,478,626,641,481,430,458,482,440,238,461,464,181,182,243,431,465,462,450,175,463,485,454,456,263,451,452,173,170,183,425,196,426,640,184,166,441,427,428,165,429,445,446,679,167,136,163,133,132,135,678,677,447,676,675,674,673,137,131,138,94,94,94,94,
94,94,94,94,94,94,94,94,94,94,94,94,94,94,94,94,522,602,557,494,493,492,619,491,490,489,488,487,483,466,467,468,469,479,480,495,472,473,474,475,476,459,477,478,164,165,172,481,460,482,464,465,470,471,486,455,175,457,458,461,462,484,485,496,626,675,440,173,454,456,243,168,174,463,453,450,426,427,428,429,179,177,170,430,431,451,452,446,447,166,448,134,262,449,274,275,237,441,263,276,674,277,163,278,279,422,236,136,135,133,171,169,423,673,424,425,672,641,640,167,132,162,94,94,94,94,
94,94,94,94,94,94,94,94,94,94,94,94,94,94,94,94,493,495,690,492,494,491,626,675,489,486,490,457,488,483,466,467,468,472,473,474,179,481,674,164,174,134,487,459,177,453,460,484,482,464,465,469,470,479,480,475,476,477,485,455,440,478,458,673,672,641,461,168,462,471,178,176,175,456,262,171,463,243,454,426,427,428,449,429,430,431,446,450,451,191,452,165,180,447,448,274,135,206,207,275,227,276,277,133,167,278,279,137,136,163,166,172,441,236,640,173,422,423,639,132,170,130,94,94,94,94,
94,94,94,94,94,94,94,94,94,94,94,94,94,94,94,94,494,504,578,493,512,492,491,490,489,488,481,464,465,242,466,174,467,468,469,487,166,474,475,446,438,175,177,470,452,176,178,261,471,473,238,457,458,459,460,134,135,262,461,165,462,237,179,495,508,507,506,505,513,671,463,180,164,485,482,169,173,476,486,477,263,170,236,478,181,479,480,453,472,235,455,133,167,171,456,447,234,484,483,454,233,172,670,450,451,425,426,138,137,136,168,163,663,427,428,429,430,431,662,132,232,162,94,94,94,94,
94,94,94,94,94,94,94,94,94,94,94,94,94,94,94,94,494,512,584,504,493,508,490,492,489,488,464,465,491,466,467,468,261,469,487,507,177,474,169,238,262,486,475,470,471,173,263,167,483,472,179,473,481,458,506,164,163,459,460,176,476,461,446,462,505,513,564,671,655,544,654,237,180,463,477,170,242,484,479,485,455,452,453,456,174,457,478,482,480,236,454,135,450,134,175,451,426,171,427,653,428,162,652,430,431,449,447,165,136,168,166,172,651,650,649,648,274,275,647,133,137,131,94,94,94,94,
94,94,94,94,94,94,94,94,94,94,94,94,94,94,94,94,504,511,492,491,490,489,494,488,487,179,476,473,493,474,464,465,466,467,472,508,164,170,165,475,481,242,458,459,460,243,461,173,440,462,171,463,468,469,608,507,470,172,135,168,134,163,137,506,502,505,484,446,471,477,478,166,167,486,479,261,480,455,456,457,175,485,169,262,454,482,174,483,450,451,452,133,453,136,176,503,138,447,426,427,520,431,132,655,654,449,274,177,139,238,237,236,275,276,162,180,277,424,425,428,244,140,94,94,94,94,
94,94,94,94,94,94,94,94,94,94,94,94,94,94,94,94,552,610,491,492,556,493,494,490,489,166,474,488,520,548,487,446,464,465,466,504,467,177,174,476,486,472,473,475,549,480,481,175,457,458,485,459,460,461,609,462,463,173,454,261,262,178,172,468,560,547,469,470,471,477,478,176,479,455,440,238,170,456,242,484,179,441,263,442,482,483,450,451,243,452,447,163,453,244,137,508,449,274,167,275,507,506,162,237,276,277,425,426,134,236,164,427,428,429,171,430,245,431,432,246,433,133,94,94,94,94,
96,96,96,96,96,96,96,96,96,96,96,96,96,96,96,96,490,492,558,493,491,489,488,487,458,459,463,464,552,549,548,555,465,474,475,476,479,440,457,460,461,466,467,468,469,470,471,472,473,480,170,166,481,486,601,556,554,477,441,171,169,172,167,478,553,494,455,456,485,462,454,177,168,174,484,261,179,450,451,452,175,238,453,482,178,442,237,483,446,447,449,236,274,275,138,550,276,277,133,151,547,504,137,132,141,173,280,426,176,165,134,235,427,551,180,191,242,428,430,431,136,135,96,96,96,96,
96,96,96,96,96,96,96,96,96,96,96,96,96,96,96,96,491,596,492,488,552,489,487,459,464,168,173,465,490,549,474,486,475,476,477,548,478,479,457,458,460,461,553,466,467,468,469,551,470,471,473,191,480,481,595,601,550,455,484,456,176,170,177,547,555,554,472,462,463,454,485,169,165,450,192,136,193,451,178,452,175,483,453,446,174,447,167,448,482,242,449,171,172,274,166,275,276,277,440,238,493,504,237,137,134,135,236,280,235,138,163,432,433,557,164,434,435,436,437,179,139,234,96,96,96,96,
96,96,96,96,96,96,96,96,96,96,96,96,96,96,96,96,491,605,554,490,601,597,492,552,548,489,551,550,549,488,487,478,479,455,464,465,466,553,467,468,486,469,470,191,471,472,173,473,474,475,547,556,476,555,602,557,493,546,504,477,480,454,458,459,569,503,604,502,558,686,655,460,172,461,178,462,174,463,654,485,170,138,446,447,166,456,175,483,242,448,171,176,457,653,481,449,450,652,169,167,274,651,164,139,135,134,165,177,179,137,136,275,238,650,276,261,451,192,452,453,168,237,96,96,96,96,
96,96,96,96,96,96,96,96,96,96,96,96,96,96,96,96,490,601,566,491,602,555,489,492,488,552,487,553,551,473,474,455,464,550,549,465,466,548,467,554,468,469,470,471,472,181,178,475,476,486,480,179,478,454,598,557,556,477,479,481,547,485,457,458,593,603,599,558,546,582,581,459,460,461,462,463,450,580,594,451,167,136,452,171,453,484,169,242,176,456,446,447,173,448,449,274,275,559,276,277,280,588,432,433,434,139,435,137,165,164,168,243,261,579,436,437,438,439,440,441,134,166,64,96,96,96,
95,95,95,95,95,95,95,95,95,95,95,95,95,95,95,95,175,601,602,598,603,490,488,552,489,491,487,553,551,550,466,467,486,470,549,472,473,464,465,556,468,469,474,475,476,477,480,471,478,479,485,555,456,457,458,459,447,441,442,223,554,168,138,443,548,558,604,559,444,557,445,484,172,453,454,139,455,164,460,691,135,461,462,463,179,482,481,446,274,275,408,166,432,165,167,260,547,433,434,435,436,437,170,180,438,171,439,136,174,169,163,137,440,492,356,357,546,579,450,451,222,173,144,95,95,95,
95,95,95,95,95,95,95,95,95,95,95,95,95,95,95,95,166,601,603,599,600,489,488,487,553,486,480,470,464,452,465,178,466,467,468,479,469,471,552,557,556,472,473,474,475,476,555,477,478,485,456,457,458,459,690,460,554,461,462,490,463,551,481,447,550,559,558,549,440,548,574,441,484,442,443,573,444,167,140,547,445,171,170,453,454,455,482,446,432,180,433,434,435,179,436,169,437,438,439,448,137,449,450,579,595,451,273,274,275,165,172,276,277,568,578,278,577,576,279,168,139,280,400,95,95,95,
95,95,95,95,95,95,95,95,95,95,95,95,95,95,95,95,164,599,602,603,710,489,557,487,488,556,486,555,554,553,552,485,558,559,464,465,466,467,468,551,550,463,469,266,470,472,549,480,179,471,473,474,169,168,548,475,476,477,564,563,562,561,442,560,547,567,566,565,443,579,578,446,478,479,481,447,440,167,136,577,441,444,445,484,459,460,461,462,451,483,452,453,454,455,182,576,272,456,457,574,458,482,432,173,573,172,139,433,434,178,435,273,138,568,436,546,584,503,580,437,438,277,180,95,95,95,
95,95,95,95,95,95,95,95,95,95,95,95,95,95,95,95,160,711,599,598,714,560,563,488,489,487,486,588,557,718,559,556,555,554,553,552,558,485,551,550,549,465,466,467,468,469,472,470,471,473,474,477,475,476,461,179,442,462,443,446,447,484,562,463,464,478,548,566,565,564,691,567,561,479,482,480,440,451,167,547,580,441,176,444,445,577,452,453,454,455,456,457,481,437,438,576,574,573,439,572,458,569,459,483,568,546,460,448,449,450,275,273,274,579,288,292,293,432,433,168,164,434,435,140,95,95,
95,95,95,95,95,95,95,95,95,95,95,95,95,95,95,95,156,599,719,600,601,556,487,488,557,486,555,485,554,572,553,561,484,552,558,559,560,563,526,551,550,562,549,565,467,468,469,465,466,470,471,472,564,548,473,474,475,442,443,446,567,447,482,479,464,440,566,441,444,445,489,590,569,483,168,476,477,478,173,480,481,463,437,438,439,461,462,448,449,568,450,451,452,575,574,573,547,571,453,570,428,576,429,430,577,546,584,587,431,432,433,434,435,586,436,392,581,580,393,179,394,395,170,140,142,95,
95,95,95,95,95,95,95,95,95,95,95,95,95,95,95,95,160,600,709,710,599,491,562,563,558,559,663,487,557,556,555,595,657,576,572,573,486,485,552,554,553,560,484,465,488,561,551,550,565,564,549,566,466,467,548,568,567,468,469,470,471,482,483,570,472,473,569,575,574,474,547,571,446,447,481,464,475,440,441,442,443,444,445,139,478,479,577,438,439,216,476,546,477,581,480,448,176,449,450,580,578,489,545,451,540,584,588,579,587,452,453,586,544,537,536,463,535,534,543,542,411,412,428,541,429,95,
95,95,95,95,95,95,95,95,95,95,95,95,95,95,95,95,145,719,600,601,673,674,527,487,568,577,578,486,558,557,556,594,553,488,546,579,552,485,559,528,564,560,555,484,554,565,563,562,561,551,550,566,549,548,572,567,571,483,570,482,466,569,547,467,468,469,575,574,470,471,573,576,581,465,472,473,447,481,441,442,545,443,444,445,446,396,397,544,398,474,475,476,477,478,479,464,220,452,438,439,440,543,542,480,448,449,450,541,451,463,411,432,540,539,591,538,531,580,489,537,536,535,534,582,140,95,
96,96,96,96,96,96,96,96,96,96,96,96,96,96,96,96,96,485,671,718,719,670,596,558,486,484,483,482,552,571,576,689,587,609,533,570,567,554,553,556,557,559,566,565,564,560,466,555,487,563,578,572,562,561,551,550,549,548,569,568,467,468,469,547,470,574,573,582,471,472,546,575,488,577,545,544,473,465,474,475,476,543,188,450,477,478,272,479,481,441,442,443,168,542,444,541,600,540,445,539,446,581,580,579,538,397,451,597,537,464,447,438,439,440,452,480,536,535,534,448,449,431,432,433,434,96,
94,94,94,94,94,94,94,94,94,94,94,94,94,94,94,94,94,486,575,485,558,484,556,559,557,560,555,553,483,475,476,470,554,471,466,467,469,474,477,551,472,550,569,568,545,578,549,565,449,473,468,478,482,481,465,564,563,441,442,562,443,444,445,561,446,566,552,567,589,571,570,629,574,448,573,447,572,718,595,628,438,547,439,440,548,487,546,576,464,433,434,435,436,437,428,429,597,542,577,430,432,397,627,205,544,206,450,623,543,541,451,452,453,581,454,540,582,580,579,455,456,488,587,586,457,93,
95,95,95,95,95,95,95,95,95,95,95,95,95,95,95,95,161,484,483,485,482,481,559,558,557,466,556,566,475,476,565,564,568,477,478,567,470,555,554,553,552,563,471,472,473,562,467,561,166,480,464,468,469,474,177,448,479,465,441,442,443,444,445,560,550,446,569,447,551,438,570,603,572,439,486,440,432,575,490,576,433,549,434,435,596,548,436,577,578,571,574,437,172,428,429,430,573,547,205,546,206,449,594,545,663,544,543,542,487,541,450,581,451,452,580,453,454,579,540,455,456,457,458,539,538,165,
97,97,97,97,97,97,97,97,97,97,97,97,97,97,146,468,482,481,478,480,172,421,270,448,441,483,477,479,466,442,141,454,455,476,449,443,470,472,450,484,559,473,474,558,475,557,467,469,471,444,445,446,556,566,565,569,465,447,438,439,440,451,452,453,303,464,192,432,433,434,435,568,572,567,564,555,436,554,553,437,552,428,571,576,429,430,563,205,206,570,551,456,457,550,458,562,561,560,459,549,485,548,579,573,702,543,578,580,582,581,547,546,574,575,583,545,577,544,486,542,460,461,540,539,462,538,
97,97,97,97,97,97,97,97,97,97,97,61,143,165,483,482,481,479,448,421,137,163,454,478,480,477,466,465,476,475,216,470,471,472,467,217,449,473,200,474,469,464,455,468,456,441,442,443,444,445,272,218,446,447,438,439,440,484,568,450,451,558,557,556,569,452,453,432,559,566,565,555,554,553,433,434,435,436,552,570,437,428,567,564,429,551,550,563,571,549,562,561,560,572,548,573,547,576,430,205,206,457,583,546,595,594,538,574,575,577,545,458,578,579,584,488,544,543,580,485,542,541,540,539,582,581,
99,99,99,99,99,99,99,99,99,99,477,482,478,569,483,568,481,475,476,474,550,480,556,479,555,470,471,473,466,472,467,468,469,465,441,450,442,443,192,272,448,273,216,449,444,451,445,446,447,464,438,439,139,167,452,440,181,217,453,460,180,337,179,138,178,182,193,177,176,454,455,456,457,554,553,552,570,484,567,566,565,458,564,459,432,433,434,435,436,437,428,429,430,206,461,462,338,463,274,270,168,275,276,277,278,563,559,575,558,557,279,280,281,282,283,551,571,542,586,596,549,595,547,562,561,560,
99,99,99,99,99,99,99,99,99,60,483,476,482,568,481,477,478,450,475,474,479,470,471,550,569,556,473,480,472,466,469,448,449,467,468,465,441,442,464,443,444,445,438,303,446,177,216,447,555,439,440,328,138,166,272,460,182,451,452,461,167,453,454,180,140,329,455,179,178,139,217,456,175,554,457,458,553,459,432,552,551,433,570,434,435,436,437,549,428,567,566,565,564,559,558,557,548,563,562,561,429,430,206,462,463,274,275,560,276,277,278,279,280,281,282,192,571,572,542,589,541,539,597,547,573,546,
95,95,95,95,95,95,95,95,166,479,180,349,177,480,350,178,477,470,464,478,469,438,473,471,481,475,476,482,483,474,472,466,550,448,549,568,449,467,468,465,421,450,439,451,441,452,442,443,551,444,445,218,179,175,167,140,181,446,447,440,141,139,176,453,336,454,165,138,420,455,456,457,272,458,335,459,460,461,462,348,463,432,433,172,347,434,173,273,435,436,222,437,428,429,430,346,206,274,345,295,296,275,344,276,277,278,279,280,281,282,283,284,555,554,553,552,548,285,569,567,566,565,564,286,558,287,
95,95,95,95,95,95,95,144,465,166,448,224,167,175,218,271,219,141,220,472,140,450,165,470,466,182,347,346,469,343,342,476,221,471,481,482,473,478,474,480,479,477,475,449,467,468,451,441,442,483,443,223,334,183,181,176,335,444,445,446,447,350,139,464,438,439,180,138,179,178,440,272,452,453,177,567,454,455,456,222,457,458,566,565,336,328,459,273,460,461,270,420,184,333,462,349,463,432,348,142,345,344,341,421,433,340,339,368,434,338,435,436,437,428,337,429,430,185,550,579,573,570,580,549,552,568,
100,100,100,100,100,181,596,544,482,545,580,481,572,549,480,478,550,565,479,477,471,475,464,183,476,289,290,472,465,474,288,460,180,221,449,473,222,166,461,224,333,295,467,466,291,468,296,469,470,422,462,450,451,423,452,453,454,220,459,568,574,552,567,571,566,564,167,179,556,555,455,456,457,458,463,554,553,448,437,178,438,439,292,440,441,442,443,182,444,334,272,140,141,445,177,176,446,297,275,335,175,174,172,351,350,173,447,392,184,293,349,348,185,294,432,433,434,435,198,436,431,298,551,569,393,394,
101,101,101,159,480,479,477,141,270,165,471,450,176,182,473,478,175,240,348,220,451,222,289,475,476,472,449,394,474,452,347,464,481,469,181,470,465,550,598,549,466,467,468,272,453,456,457,458,459,454,183,180,241,184,290,179,178,140,177,143,142,460,455,482,566,565,709,719,590,592,544,672,595,605,529,593,591,580,545,461,462,463,564,551,448,556,555,554,553,437,438,439,440,271,174,441,442,443,444,552,445,446,447,168,291,169,395,396,397,568,398,399,432,275,567,433,434,435,173,172,436,351,350,242,431,170,
95,132,437,479,478,480,477,481,476,475,470,471,167,469,472,473,474,464,465,271,456,272,457,458,459,466,460,467,388,165,175,452,176,174,173,422,468,168,566,453,177,461,140,462,178,463,449,450,451,454,455,169,565,554,448,421,420,438,439,351,275,440,441,141,142,143,553,549,442,552,443,550,588,589,539,585,543,551,592,494,606,568,511,524,557,556,544,593,560,567,548,571,564,444,445,563,555,569,559,558,547,546,562,446,447,170,390,561,391,570,545,392,393,394,541,482,572,542,573,395,396,273,179,350,180,274,
478,480,479,273,167,477,176,472,476,274,275,179,276,473,278,177,471,168,475,474,464,469,470,432,465,169,279,456,566,457,458,459,420,565,280,460,175,174,461,462,463,433,281,434,466,173,452,467,468,170,423,165,422,421,180,178,419,418,141,142,300,564,553,454,455,388,448,449,552,568,567,563,554,548,551,550,549,569,561,450,172,426,181,451,453,284,560,559,437,438,439,536,524,588,592,537,595,558,440,425,183,441,442,443,444,445,446,447,435,436,557,556,166,389,390,562,391,392,555,547,570,546,481,393,394,395,
571,479,477,167,168,478,169,464,465,456,457,476,463,466,370,371,467,222,432,468,469,458,459,437,236,235,431,460,461,480,462,234,472,384,425,455,223,304,475,474,552,471,454,473,470,452,453,170,438,439,440,441,239,372,442,270,443,424,423,422,165,444,321,421,420,305,141,142,445,446,447,448,449,568,567,566,565,564,563,450,451,433,434,553,435,436,573,542,213,551,550,561,560,214,215,216,217,373,374,375,306,175,174,173,143,376,377,378,307,379,271,380,381,382,172,383,388,389,557,556,555,547,548,390,391,554,
477,475,479,553,552,551,478,167,168,169,465,464,550,466,455,456,480,457,476,463,467,468,469,458,459,460,461,462,454,472,473,470,322,471,453,170,474,437,423,438,439,440,441,422,442,420,352,431,443,353,237,370,321,222,236,235,234,223,371,309,142,146,425,141,424,372,444,323,270,432,445,446,433,421,165,447,448,449,450,451,324,452,434,435,175,384,164,560,555,554,565,436,564,563,549,385,210,174,212,213,173,143,214,215,216,373,172,419,144,177,176,239,374,375,376,238,377,378,379,559,233,232,231,230,229,380,
479,567,552,580,589,584,573,551,539,566,478,477,560,167,169,465,464,555,554,553,550,549,466,467,431,423,468,561,469,547,322,422,432,474,455,433,237,456,585,321,236,168,457,458,459,460,461,462,565,463,476,454,384,434,142,437,143,144,420,141,165,146,145,235,234,233,226,425,424,421,175,140,173,475,472,473,470,435,471,453,170,438,172,370,174,419,164,439,177,440,441,176,436,442,308,238,443,232,444,231,230,229,371,228,227,309,225,224,255,254,147,316,327,253,252,251,445,222,250,564,563,446,249,447,215,239,
542,541,594,599,585,588,563,589,540,553,586,529,538,479,552,478,569,551,560,555,570,554,477,547,566,562,466,464,476,573,561,550,549,467,475,468,548,564,537,456,431,435,436,465,469,142,423,432,143,422,455,421,457,559,144,175,173,452,174,454,458,145,141,146,165,322,237,459,222,420,236,140,235,472,239,234,223,424,451,323,233,227,473,460,304,462,240,226,225,425,166,461,463,147,164,308,474,169,168,167,139,172,419,309,470,471,275,448,450,437,449,148,176,453,447,238,170,438,232,231,230,229,228,224,255,254,
526,589,561,479,478,553,552,599,706,525,547,542,529,540,477,551,524,523,550,549,527,481,562,515,516,582,569,560,568,583,530,545,539,492,538,567,548,554,588,586,546,559,558,531,495,557,556,555,468,469,565,458,459,566,460,493,564,456,457,476,473,563,465,323,166,174,173,235,234,472,233,142,146,232,421,420,239,231,165,466,467,370,408,461,230,229,168,236,228,425,143,424,423,322,434,431,422,144,141,368,309,419,306,145,147,140,312,247,237,313,175,238,172,148,436,302,301,475,314,315,169,432,439,300,227,226,
576,542,478,552,536,506,541,567,568,530,543,549,562,477,476,561,560,545,582,559,558,557,556,493,718,589,564,474,547,529,526,523,487,593,555,588,488,579,481,719,524,531,497,492,486,507,693,495,554,553,551,572,580,594,539,525,494,540,584,575,550,569,573,548,565,475,563,546,468,470,464,431,166,479,469,471,472,434,147,473,465,235,435,439,432,234,233,232,421,463,420,174,323,173,143,144,142,168,231,145,141,146,466,230,229,228,165,425,424,169,423,140,148,422,139,419,306,238,242,239,566,433,243,237,236,149,
477,476,475,143,144,166,142,462,376,168,452,384,478,474,434,169,473,466,549,467,548,547,468,437,385,170,469,470,465,582,554,707,701,482,553,552,551,550,525,566,540,555,560,546,562,454,455,561,541,523,572,556,456,559,558,718,715,700,543,557,539,719,712,583,570,569,494,592,585,584,488,713,714,518,716,545,457,500,563,544,565,564,567,542,568,479,386,571,472,471,167,464,463,458,459,460,236,145,461,538,453,171,431,146,235,234,141,233,165,232,438,147,435,422,439,421,420,174,227,237,231,230,239,436,440,451,
168,475,466,434,472,431,166,169,238,437,170,467,476,237,471,477,474,473,468,469,464,459,236,344,438,235,144,355,234,470,465,549,548,547,233,143,432,356,551,573,550,463,546,454,455,456,457,554,536,588,552,567,553,545,579,560,541,543,565,167,564,693,718,563,462,562,561,458,460,559,542,715,590,719,692,525,482,493,585,568,582,586,580,572,537,599,558,557,569,587,535,540,530,581,539,556,461,555,544,714,593,478,566,571,570,576,453,145,318,171,575,241,239,232,146,231,230,229,348,142,228,422,421,420,349,240,
475,476,462,471,437,438,375,169,144,468,474,166,168,237,145,170,469,146,463,541,473,465,236,143,466,165,147,467,240,472,167,235,455,234,434,435,456,457,233,232,142,231,230,148,229,464,461,241,242,453,228,454,470,439,477,171,301,458,551,556,494,707,593,550,523,539,557,573,584,703,492,483,482,478,547,549,459,558,589,493,585,496,548,568,562,554,553,460,552,452,440,441,546,563,561,590,555,545,559,565,598,594,564,544,510,718,500,560,566,567,511,540,693,543,542,569,596,576,588,442,244,300,141,422,421,443,
477,539,546,585,569,551,550,541,475,474,168,169,476,170,166,144,549,548,547,537,473,466,467,313,468,469,465,241,455,145,355,456,171,462,431,236,463,464,461,356,235,234,146,143,165,453,554,454,233,147,432,457,420,231,553,167,552,314,470,563,562,582,576,561,560,555,433,458,545,567,459,559,558,460,452,557,472,471,542,588,556,577,607,568,707,492,437,543,565,564,438,439,440,441,544,442,443,357,444,240,583,578,445,566,446,593,502,447,448,449,450,451,434,435,436,571,570,540,172,227,237,384,385,421,232,230,
170,420,166,431,475,169,168,473,474,171,228,470,314,433,468,549,469,476,432,437,466,472,467,236,465,454,455,167,235,315,471,434,266,145,462,463,234,464,435,306,233,453,456,548,457,316,232,144,541,547,307,458,317,308,459,267,460,231,230,229,461,438,439,440,441,442,551,555,443,444,445,446,227,146,550,546,447,436,237,422,448,449,268,450,147,165,421,143,148,172,226,318,451,175,142,452,174,239,383,384,385,386,554,387,238,388,389,303,302,149,354,301,390,553,300,391,392,269,393,394,395,396,425,334,397,424,
474,464,316,144,471,472,168,170,433,469,169,548,317,166,466,475,315,473,462,167,171,145,318,236,382,468,470,467,465,461,437,454,384,311,455,463,146,456,457,235,147,458,459,319,234,460,438,439,440,441,442,443,444,445,446,447,448,449,476,450,233,232,451,452,228,231,383,434,165,230,453,435,229,149,436,172,227,408,237,423,422,335,431,432,148,421,420,226,143,175,174,239,385,238,302,386,306,301,387,388,300,425,389,424,419,390,350,349,348,314,391,347,392,393,346,345,394,395,142,354,396,397,344,343,266,342,
475,469,168,470,474,464,471,468,266,169,473,494,492,170,476,551,550,167,549,472,548,171,586,466,454,192,166,455,465,460,467,144,461,462,146,267,304,268,237,463,193,452,453,457,436,236,458,459,311,437,438,194,439,440,547,552,546,441,442,434,420,545,360,443,544,444,445,446,565,447,367,448,449,316,435,145,314,421,172,235,147,148,450,317,451,383,234,269,319,320,195,196,456,233,232,432,231,230,433,564,229,363,228,321,382,423,150,422,270,227,149,384,226,388,175,391,174,394,239,238,401,402,563,303,302,301,
472,471,171,432,433,434,170,169,468,475,551,168,474,469,267,465,175,466,473,470,467,463,147,167,464,460,550,461,462,312,549,453,454,455,457,458,174,166,339,146,237,459,437,236,144,145,192,235,149,165,234,148,233,232,438,548,439,440,367,231,172,230,229,228,552,547,546,562,143,423,441,442,422,436,443,340,444,445,446,421,561,545,420,227,447,544,448,449,558,450,315,316,226,451,317,452,150,178,456,435,177,176,382,142,151,240,303,152,141,239,383,238,302,301,384,401,300,425,424,419,402,418,403,569,502,404,
171,472,471,170,168,470,383,169,468,473,474,465,466,467,434,562,175,267,469,464,461,462,174,463,459,460,457,458,453,454,455,456,436,437,438,176,316,173,237,439,440,317,441,360,442,236,235,443,234,99,541,444,445,446,166,447,448,146,449,145,233,147,143,192,450,232,361,451,452,193,424,148,435,167,172,228,423,384,401,144,422,421,341,229,402,403,540,404,405,406,431,432,433,355,340,503,149,359,256,257,268,339,150,338,230,258,337,231,142,165,194,141,151,178,177,362,259,349,328,329,348,330,347,331,563,551,
471,436,192,312,228,174,169,472,168,170,149,146,145,470,473,503,171,467,371,469,468,385,463,193,466,461,462,173,367,459,464,465,340,386,460,457,153,166,339,458,437,177,456,438,439,440,441,442,443,500,444,563,445,446,368,447,448,449,450,562,451,372,452,434,453,454,387,455,176,175,238,194,237,435,369,389,236,315,373,374,229,375,316,384,230,235,401,402,231,234,403,195,233,147,232,404,405,406,425,370,431,424,423,390,144,148,422,143,150,421,392,341,142,165,151,338,337,336,179,152,154,178,345,344,432,542,
264,468,435,192,368,369,470,436,168,562,471,472,473,505,169,170,467,462,193,367,504,463,563,178,173,171,466,437,464,174,146,440,434,177,379,465,411,176,194,561,565,461,459,328,265,469,438,195,179,460,412,457,458,564,175,196,439,456,441,560,341,429,442,443,506,444,445,446,447,448,449,450,370,451,452,197,453,454,340,455,339,338,223,329,238,166,147,145,330,360,331,371,503,148,144,237,372,566,373,374,375,236,376,559,270,377,378,149,143,235,234,150,165,151,233,232,184,183,182,181,180,424,271,401,402,403,
472,470,169,170,174,168,467,264,270,471,473,468,466,469,544,563,562,561,171,464,565,465,178,192,460,144,173,461,564,360,462,177,368,176,438,436,463,459,456,175,457,179,458,369,439,363,434,341,340,339,338,455,437,440,559,320,441,146,145,442,443,444,382,147,223,370,166,238,371,364,148,445,400,446,447,237,448,449,450,451,236,235,372,452,234,453,233,454,232,407,193,185,560,566,504,435,184,183,545,526,399,149,329,558,505,330,182,181,194,180,150,143,165,151,424,142,152,153,423,422,421,420,318,231,408,367,
638,568,471,469,168,470,466,460,169,472,461,435,170,371,468,562,563,467,561,560,464,465,462,176,166,146,147,440,463,459,171,456,367,441,270,457,410,271,192,458,565,442,443,436,424,174,372,444,178,175,148,173,445,446,564,447,448,177,145,449,473,450,451,452,453,167,373,341,340,228,454,339,149,399,455,193,338,144,327,368,320,223,437,238,229,237,236,235,438,234,194,369,439,559,566,329,567,330,558,542,331,150,195,332,557,374,143,233,232,151,165,152,185,153,184,230,181,180,179,154,155,142,156,164,425,375,
270,367,435,146,371,469,468,470,169,424,168,170,471,372,562,373,177,362,167,467,437,366,464,147,148,436,465,228,460,166,179,229,461,462,176,174,463,438,374,454,399,410,150,563,536,679,592,678,588,593,561,455,472,560,466,456,230,231,439,453,457,317,145,149,178,363,175,452,458,459,173,565,171,440,441,564,442,184,443,144,444,318,445,446,417,180,341,340,339,338,447,559,448,192,375,368,449,364,450,451,369,320,238,327,237,236,234,233,232,151,152,191,329,330,165,143,153,185,183,182,331,428,427,426,154,425,
468,467,151,176,470,469,169,190,170,464,460,461,457,458,471,459,560,462,463,442,146,174,443,466,191,147,167,370,200,150,344,175,177,173,565,444,448,449,465,455,456,440,441,445,315,367,564,589,563,562,446,371,447,450,148,451,368,452,152,149,166,453,168,454,437,145,438,425,424,439,171,329,435,340,436,431,561,567,566,330,339,331,338,284,337,326,372,568,327,336,328,373,172,374,375,376,189,377,378,366,569,379,380,320,178,428,427,426,201,274,423,422,381,401,144,421,420,419,153,143,165,418,154,318,155,142,
467,469,468,169,470,463,167,147,435,170,436,460,461,462,563,566,443,174,458,459,431,148,441,190,175,442,444,445,176,146,177,173,466,425,565,446,464,326,447,448,449,424,338,455,456,367,149,457,440,465,284,450,564,552,451,452,587,510,453,166,143,366,168,454,320,179,437,178,164,150,438,439,428,327,171,328,329,370,427,371,372,373,374,375,376,377,378,562,561,145,426,423,422,191,421,379,368,151,285,380,381,560,401,144,420,419,152,153,418,402,344,318,238,237,154,403,404,405,236,235,234,233,232,165,155,231,
462,468,469,470,467,369,463,564,466,461,170,370,174,167,169,460,443,444,464,465,458,459,442,454,445,446,563,284,447,455,456,431,436,457,437,441,448,449,450,451,452,453,438,439,440,172,171,562,568,276,168,371,372,373,374,375,376,566,504,343,377,145,147,378,379,380,153,367,381,401,565,402,403,404,405,280,281,406,177,176,434,435,175,148,384,399,275,256,561,560,569,567,257,330,331,178,559,570,332,368,347,285,166,382,146,173,149,425,150,151,383,424,152,228,181,400,180,345,348,364,320,144,179,407,408,154,
467,468,466,469,463,470,465,464,424,462,460,177,284,167,372,461,458,459,443,444,170,457,169,442,445,446,369,175,224,447,436,174,454,176,455,456,448,449,431,180,450,451,238,452,453,172,179,370,438,439,565,441,171,564,563,437,562,440,566,168,371,425,373,178,374,375,173,376,377,561,378,379,380,381,401,147,347,348,181,336,402,403,343,320,199,404,345,405,406,589,560,569,434,568,435,364,567,559,384,399,148,150,149,198,155,166,146,151,197,196,145,256,144,153,152,195,154,194,350,193,192,428,257,330,285,427,
467,463,424,466,144,465,464,459,468,454,174,148,167,460,461,462,458,175,177,457,443,444,455,176,180,147,150,179,178,181,436,152,469,565,173,445,200,190,345,446,425,564,563,164,184,447,149,367,170,169,215,183,182,456,369,336,191,442,567,566,320,448,449,450,319,451,452,453,504,562,437,438,439,441,440,171,370,343,368,371,211,372,199,151,373,374,346,201,375,382,376,377,198,378,379,561,344,380,197,347,470,569,196,153,166,146,145,195,154,194,193,568,381,192,186,155,428,427,426,423,422,421,420,165,142,143,
467,466,465,468,150,448,469,462,464,370,175,157,200,455,457,463,167,152,174,459,148,460,454,447,345,147,149,176,177,461,181,145,371,458,456,442,443,178,180,564,568,444,445,446,173,441,179,170,449,450,346,451,436,215,452,342,183,453,440,169,372,437,438,182,439,373,320,374,375,376,377,378,379,201,380,381,151,425,202,362,424,401,190,402,403,404,405,406,434,435,171,348,349,191,185,567,384,399,256,203,566,565,184,166,146,153,154,144,319,257,367,368,199,198,197,196,195,194,193,192,155,165,156,143,141,158,
466,436,210,467,468,465,464,463,461,469,643,509,508,454,462,460,458,459,437,457,568,447,150,455,211,174,175,167,456,424,446,441,173,442,144,448,181,212,180,179,443,148,371,444,445,449,177,438,450,451,176,190,452,213,178,425,342,182,453,440,360,155,345,439,184,183,320,372,343,170,324,323,344,169,191,322,185,336,335,373,334,319,374,376,377,361,199,378,379,149,198,146,197,196,195,567,380,381,401,362,402,194,166,214,193,200,403,152,147,192,151,404,405,406,153,145,154,186,428,427,426,165,423,156,85,422,
466,458,167,465,467,464,463,462,461,468,460,456,457,436,454,459,455,447,174,175,508,446,509,448,173,190,344,177,181,180,152,449,166,450,145,343,451,507,513,469,510,179,452,453,440,441,442,443,444,445,437,438,439,178,170,176,183,367,169,371,182,160,184,586,372,360,154,150,373,336,425,376,377,345,424,361,324,323,149,322,172,319,378,379,380,199,368,381,401,198,402,148,403,197,404,506,405,406,434,435,384,151,153,196,147,146,155,165,144,156,195,194,362,193,192,428,427,157,426,423,422,421,420,143,128,158,
463,402,200,204,467,466,465,460,462,464,509,504,459,371,456,150,461,455,457,458,454,167,212,177,181,453,180,447,442,443,444,175,445,446,448,168,178,449,450,451,452,441,439,440,169,403,174,184,335,173,372,406,407,435,205,426,176,436,437,425,438,468,213,343,179,424,170,238,151,237,236,384,247,148,152,145,166,235,214,234,233,232,215,201,373,374,375,376,377,378,379,380,202,231,149,381,400,401,404,510,405,408,153,230,409,229,228,147,154,410,203,227,206,434,171,348,344,146,183,182,155,165,319,156,239,185,
467,468,466,464,465,504,509,463,508,507,505,462,456,459,595,503,510,506,461,458,167,460,457,455,454,447,175,174,448,435,449,176,173,369,450,439,436,451,452,179,453,442,443,444,440,445,446,310,344,441,502,437,155,178,151,370,200,438,177,345,346,181,149,154,170,384,169,377,501,378,180,150,379,500,380,168,381,203,184,335,201,426,425,166,424,347,211,402,403,404,148,405,406,239,407,238,237,408,409,410,434,171,236,152,235,234,233,147,153,368,371,232,231,212,230,385,372,229,146,145,228,227,226,165,156,157,
